{
  "metadata": {
    "blender_version": "3.3.0",
    "engine": "BLENDER_EEVEE"
  },
  "camera_angle_x": 0.6911112070083618,
  "object_position": [
    12.772500038146973,
    13.17564868927002,
    5.197039604187012
  ],
  "frames": [
    {
      "transform_matrix": [
        [
          0.8090171217918396,
          -0.5278314352035522,
          0.2586219310760498,
          14.928020477294922
        ],
        [
          0.5877850651741028,
          0.7264979481697083,
          -0.35596272349357605,
          10.20882797241211
        ],
        [
          0.0,
          0.43999403715133667,
          0.8980007171630859,
          12.681550979614258
        ],
        [
          0.0,
          0.0,
          0.0,
          1.0
        ]
      ],
      "camera_location": [
        14.928020477294922,
        10.20882797241211,
        12.681550979614258
      ],
      "inv_transform_matrix": [
        [
          0.8090171217918396,
          0.5877851247787476,
          0.0,
          -18.077621459960938
        ],
        [
          -0.5278314352035522,
          0.7264979481697083,
          0.43999403715133667,
          -5.117021560668945
        ],
        [
          0.2586219310760498,
          -0.35596272349357605,
          0.8980007171630859,
          -11.614792823791504
        ],
        [
          -0.0,
          0.0,
          -0.0,
          1.0
        ]
      ],
      "frame_id": 0,
      "file_path": "train/r_0"
    },
    {
      "transform_matrix": [
        [
          0.9510565400123596,
          0.07764653116464615,
          -0.2991028428077698,
          10.036654472351074
        ],
        [
          -0.30901697278022766,
          0.23897145688533783,
          -0.9205439686775208,
          4.755580902099609
        ],
        [
          0.0,
          0.9679172039031982,
          0.25126945972442627,
          7.495360851287842
        ],
        [
          0.0,
          0.0,
          0.0,
          1.0
        ]
      ],
      "camera_location": [
        10.036654472351074,
        4.755580902099609,
        7.495360851287842
      ],
      "inv_transform_matrix": [
        [
          0.9510564804077148,
          -0.30901697278022766,
          -7.4505797087454084e-09,
          -8.0758695602417
        ],
        [
          0.07764652371406555,
          0.23897142708301544,
          0.9679170846939087,
          -9.170647621154785
        ],
        [
          -0.2991028130054474,
          -0.9205438494682312,
          0.2512694299221039,
          5.4963579177856445
        ],
        [
          -0.0,
          0.0,
          -0.0,
          1.0
        ]
      ],
      "frame_id": 1,
      "file_path": "train/r_1"
    },
    {
      "transform_matrix": [
        [
          0.5877852439880371,
          0.35970261693000793,
          -0.7246533036231995,
          6.326385498046875
        ],
        [
          -0.8090169429779053,
          0.2613392472267151,
          -0.5264914631843567,
          8.49227237701416
        ],
        [
          0.0,
          0.8957207202911377,
          0.4446169137954712,
          9.152105331420898
        ],
        [
          0.0,
          0.0,
          0.0,
          1.0
        ]
      ],
      "camera_location": [
        6.326385498046875,
        8.49227237701416,
        9.152105331420898
      ],
      "inv_transform_matrix": [
        [
          0.5877853035926819,
          -0.80901700258255,
          -1.4901164746561335e-08,
          3.151836395263672
        ],
        [
          0.3597027063369751,
          0.26133930683135986,
          0.8957209587097168,
          -12.692713737487793
        ],
        [
          -0.724653422832489,
          -0.5264915227890015,
          0.44461697340011597,
          4.986364841461182
        ],
        [
          -0.0,
          0.0,
          -0.0,
          1.0
        ]
      ],
      "frame_id": 2,
      "file_path": "train/r_2"
    },
    {
      "transform_matrix": [
        [
          0.0,
          -0.0531923845410347,
          0.9985842704772949,
          22.171199798583984
        ],
        [
          1.0,
          0.0,
          0.0,
          13.17564868927002
        ],
        [
          0.0,
          0.9985842704772949,
          0.0531923845410347,
          5.69768762588501
        ],
        [
          0.0,
          0.0,
          0.0,
          1.0
        ]
      ],
      "camera_location": [
        22.171199798583984,
        13.17564868927002,
        5.69768762588501
      ],
      "inv_transform_matrix": [
        [
          0.0,
          1.0,
          0.0,
          -13.175647735595703
        ],
        [
          -0.0531923845410347,
          0.0,
          0.9985842704772949,
          -4.510282516479492
        ],
        [
          0.9985842704772949,
          -0.0,
          0.0531923845410347,
          -22.44288444519043
        ],
        [
          -0.0,
          0.0,
          -0.0,
          1.0
        ]
      ],
      "frame_id": 3,
      "file_path": "train/r_3"
    },
    {
      "transform_matrix": [
        [
          -0.8090168833732605,
          0.36662182211875916,
          -0.45943450927734375,
          8.789615631103516
        ],
        [
          -0.5877853631973267,
          -0.5046114921569824,
          0.6323571801185608,
          18.657617568969727
        ],
        [
          0.0,
          0.7816364765167236,
          0.623734176158905,
          10.604254722595215
        ],
        [
          0.0,
          0.0,
          0.0,
          1.0
        ]
      ],
      "camera_location": [
        8.789615631103516,
        18.657617568969727,
        10.604254722595215
      ],
      "inv_transform_matrix": [
        [
          -0.8090168833732605,
          -0.5877854228019714,
          1.4901162970204496e-08,
          18.07762336730957
        ],
        [
          0.36662185192108154,
          -0.5046115517616272,
          0.7816365361213684,
          -2.09628963470459
        ],
        [
          -0.45943450927734375,
          0.6323571801185608,
          0.6237342357635498,
          -14.374261856079102
        ],
        [
          -0.0,
          0.0,
          -0.0,
          1.0
        ]
      ],
      "frame_id": 4,
      "file_path": "train/r_4"
    },
    {
      "transform_matrix": [
        [
          0.9510565400123596,
          0.2774975001811981,
          -0.13596564531326294,
          11.639275550842285
        ],
        [
          -0.30901700258255005,
          0.8540494441986084,
          -0.4184592068195343,
          9.687942504882812
        ],
        [
          0.0,
          0.43999406695365906,
          0.8980007171630859,
          12.681550979614258
        ],
        [
          0.0,
          0.0,
          0.0,
          1.0
        ]
      ],
      "camera_location": [
        11.639275550842285,
        9.687942504882812,
        12.681550979614258
      ],
      "inv_transform_matrix": [
        [
          0.9510564804077148,
          -0.30901700258255005,
          0.0,
          -8.0758695602417
        ],
        [
          0.27749747037887573,
          0.8540493249893188,
          0.4399940073490143,
          -17.083656311035156
        ],
        [
          -0.13596563041210175,
          -0.4184591770172119,
          0.8980005979537964,
          -5.751491069793701
        ],
        [
          -0.0,
          0.0,
          -0.0,
          1.0
        ]
      ],
      "frame_id": 5,
      "file_path": "train/r_5"
    },
    {
      "transform_matrix": [
        [
          -0.5877851843833923,
          0.7264977693557739,
          -0.35596272349357605,
          9.805679321289062
        ],
        [
          -0.8090169429779053,
          -0.527831494808197,
          0.25862205028533936,
          15.331170082092285
        ],
        [
          0.0,
          0.43999409675598145,
          0.8980007171630859,
          12.681550979614258
        ],
        [
          0.0,
          0.0,
          0.0,
          1.0
        ]
      ],
      "camera_location": [
        9.805679321289062,
        15.331170082092285,
        12.681550979614258
      ],
      "inv_transform_matrix": [
        [
          -0.5877852439880371,
          -0.8090170621871948,
          0.0,
          18.166810989379883
        ],
        [
          0.7264977693557739,
          -0.527831494808197,
          0.43999409675598145,
          -4.6113362312316895
        ],
        [
          -0.35596269369125366,
          0.25862202048301697,
          0.8980005383491516,
          -11.86256217956543
        ],
        [
          -0.0,
          0.0,
          -0.0,
          1.0
        ]
      ],
      "frame_id": 6,
      "file_path": "train/r_6"
    },
    {
      "transform_matrix": [
        [
          -0.8090169429779053,
          -0.5724744200706482,
          0.13328437507152557,
          13.87137508392334
        ],
        [
          0.5877854228019714,
          -0.7879431843757629,
          0.1834501475095749,
          14.688119888305664
        ],
        [
          0.0,
          0.22675690054893494,
          0.9739513993263245,
          13.226869583129883
        ],
        [
          0.0,
          0.0,
          0.0,
          1.0
        ]
      ],
      "camera_location": [
        13.87137508392334,
        14.688119888305664,
        13.226869583129883
      ],
      "inv_transform_matrix": [
        [
          -0.8090168237686157,
          0.5877853631973267,
          0.0,
          2.5887155532836914
        ],
        [
          -0.5724743604660034,
          -0.7879430651664734,
          0.22675687074661255,
          16.515127182006836
        ],
        [
          0.13328438997268677,
          0.18345016241073608,
          0.9739513993263245,
          -17.425703048706055
        ],
        [
          -0.0,
          0.0,
          -0.0,
          1.0
        ]
      ],
      "frame_id": 7,
      "file_path": "train/r_7"
    },
    {
      "transform_matrix": [
        [
          -0.5877853035926819,
          0.35970258712768555,
          -0.7246533036231995,
          6.326385021209717
        ],
        [
          -0.8090169429779053,
          -0.2613392770290375,
          0.5264915227890015,
          17.859025955200195
        ],
        [
          0.0,
          0.8957207798957825,
          0.4446168839931488,
          9.152105331420898
        ],
        [
          0.0,
          0.0,
          0.0,
          1.0
        ]
      ],
      "camera_location": [
        6.326385021209717,
        17.859025955200195,
        9.152105331420898
      ],
      "inv_transform_matrix": [
        [
          -0.5877853631973267,
          -0.8090169429779053,
          -1.4901164746561335e-08,
          18.166812896728516
        ],
        [
          0.3597026467323303,
          -0.26133933663368225,
          0.8957209587097168,
          -5.806084632873535
        ],
        [
          -0.724653422832489,
          0.526491641998291,
          0.44461697340011597,
          -8.887372016906738
        ],
        [
          -0.0,
          0.0,
          -0.0,
          1.0
        ]
      ],
      "frame_id": 8,
      "file_path": "train/r_8"
    },
    {
      "transform_matrix": [
        [
          0.8090170621871948,
          -0.03126569464802742,
          0.5869530439376831,
          18.296916961669922
        ],
        [
          0.5877851843833923,
          0.04303354397416115,
          -0.8078716993331909,
          5.571939945220947
        ],
        [
          0.0,
          0.9985842704772949,
          0.0531923808157444,
          5.69768762588501
        ],
        [
          0.0,
          0.0,
          0.0,
          1.0
        ]
      ],
      "camera_location": [
        18.296916961669922,
        5.571939945220947,
        5.69768762588501
      ],
      "inv_transform_matrix": [
        [
          0.8090170621871948,
          0.5877852439880371,
          0.0,
          -18.07762336730957
        ],
        [
          -0.03126569837331772,
          0.04303354769945145,
          0.9985843300819397,
          -5.357336521148682
        ],
        [
          0.5869531035423279,
          -0.8078717589378357,
          0.053192388266325,
          -6.5410919189453125
        ],
        [
          -0.0,
          0.0,
          -0.0,
          1.0
        ]
      ],
      "frame_id": 9,
      "file_path": "train/r_9"
    },
    {
      "transform_matrix": [
        [
          -0.3090168833732605,
          -0.7401946187019348,
          0.5971770882606506,
          17.835865020751953
        ],
        [
          0.9510565400123596,
          -0.2405037134885788,
          0.19403453171253204,
          14.82083511352539
        ],
        [
          0.0,
          0.6279091238975525,
          0.7782866358757019,
          11.796002388000488
        ],
        [
          0.0,
          0.0,
          0.0,
          1.0
        ]
      ],
      "camera_location": [
        17.835865020751953,
        14.82083511352539,
        11.796002388000488
      ],
      "inv_transform_matrix": [
        [
          -0.3090169131755829,
          0.9510565996170044,
          -1.4901162970204496e-08,
          -8.583869934082031
        ],
        [
          -0.7401946783065796,
          -0.24050372838974,
          0.6279091835021973,
          9.359660148620605
        ],
        [
          0.5971771478652954,
          0.19403453171253204,
          0.7782866954803467,
          -22.707597732543945
        ],
        [
          -0.0,
          0.0,
          -0.0,
          1.0
        ]
      ],
      "frame_id": 10,
      "file_path": "train/r_10"
    },
    {
      "transform_matrix": [
        [
          -0.8090169429779053,
          0.5724744200706482,
          -0.13328437507152557,
          11.673624992370605
        ],
        [
          -0.5877854228019714,
          -0.7879431843757629,
          0.1834501475095749,
          14.688119888305664
        ],
        [
          0.0,
          0.22675690054893494,
          0.9739513993263245,
          13.226869583129883
        ],
        [
          0.0,
          0.0,
          0.0,
          1.0
        ]
      ],
      "camera_location": [
        11.673624992370605,
        14.688119888305664,
        13.226869583129883
      ],
      "inv_transform_matrix": [
        [
          -0.8090168237686157,
          -0.5877853631973267,
          0.0,
          18.077619552612305
        ],
        [
          0.5724743604660034,
          -0.7879430651664734,
          0.22675687074661255,
          1.8912684917449951
        ],
        [
          -0.13328438997268677,
          0.18345016241073608,
          0.9739513993263245,
          -14.020954132080078
        ],
        [
          -0.0,
          0.0,
          -0.0,
          1.0
        ]
      ],
      "frame_id": 11,
      "file_path": "train/r_11"
    },
    {
      "transform_matrix": [
        [
          -0.9510565400123596,
          0.13739421963691711,
          -0.2767930030822754,
          10.310302734375
        ],
        [
          -0.3090170621871948,
          -0.42285582423210144,
          0.8518811464309692,
          20.753511428833008
        ],
        [
          0.0,
          0.895720899105072,
          0.4446169137954712,
          9.152105331420898
        ],
        [
          0.0,
          0.0,
          0.0,
          1.0
        ]
      ],
      "camera_location": [
        10.310302734375,
        20.753511428833008,
        9.152105331420898
      ],
      "inv_transform_matrix": [
        [
          -0.9510564804077148,
          -0.30901703238487244,
          1.4901159417490817e-08,
          16.218868255615234
        ],
        [
          0.13739420473575592,
          -0.42285576462745667,
          0.8957207798957825,
          -0.8385641574859619
        ],
        [
          -0.2767930030822754,
          0.8518810868263245,
          0.4446169137954712,
          -18.894886016845703
        ],
        [
          -0.0,
          0.0,
          -0.0,
          1.0
        ]
      ],
      "frame_id": 12,
      "file_path": "train/r_12"
    },
    {
      "transform_matrix": [
        [
          -0.8090169429779053,
          0.08311905711889267,
          0.5818787217140198,
          18.405147552490234
        ],
        [
          0.5877853035926819,
          0.11440355330705643,
          0.8008872270584106,
          20.928321838378906
        ],
        [
          0.0,
          0.9899511337280273,
          -0.14141057431697845,
          3.8281702995300293
        ],
        [
          0.0,
          0.0,
          0.0,
          1.0
        ]
      ],
      "camera_location": [
        18.405147552490234,
        20.928321838378906,
        3.8281702995300293
      ],
      "inv_transform_matrix": [
        [
          -0.8090169429779053,
          0.5877853035926819,
          0.0,
          2.588716506958008
        ],
        [
          0.08311903476715088,
          0.11440352350473404,
          0.9899508953094482,
          -7.713792324066162
        ],
        [
          0.5818786025047302,
          0.8008870482444763,
          -0.14141054451465607,
          -26.929439544677734
        ],
        [
          -0.0,
          -0.0,
          -0.0,
          1.0
        ]
      ],
      "frame_id": 13,
      "file_path": "train/r_13"
    },
    {
      "transform_matrix": [
        [
          0.8090170621871948,
          0.2613392770290375,
          -0.5264914035797119,
          8.08912467956543
        ],
        [
          -0.5877851843833923,
          0.3597027063369751,
          -0.724653422832489,
          6.729534149169922
        ],
        [
          0.0,
          0.8957208395004272,
          0.44461697340011597,
          9.152105331420898
        ],
        [
          0.0,
          0.0,
          0.0,
          1.0
        ]
      ],
      "camera_location": [
        8.08912467956543,
        6.729534149169922,
        9.152105331420898
      ],
      "inv_transform_matrix": [
        [
          0.8090171217918396,
          -0.5877851843833923,
          -2.9802322387695312e-08,
          -2.588719606399536
        ],
        [
          0.2613392770290375,
          0.3597027063369751,
          0.8957208395004272,
          -12.732368469238281
        ],
        [
          -0.5264914631843567,
          -0.724653422832489,
          0.44461700320243835,
          5.066253662109375
        ],
        [
          -0.0,
          0.0,
          -0.0,
          1.0
        ]
      ],
      "frame_id": 14,
      "file_path": "train/r_14"
    },
    {
      "transform_matrix": [
        [
          0.0,
          0.4446169137954712,
          -0.8957207798957825,
          4.804664134979248
        ],
        [
          -1.0,
          0.0,
          0.0,
          13.17564868927002
        ],
        [
          0.0,
          0.8957207798957825,
          0.4446169137954712,
          9.152105331420898
        ],
        [
          0.0,
          0.0,
          0.0,
          1.0
        ]
      ],
      "camera_location": [
        4.804664134979248,
        13.17564868927002,
        9.152105331420898
      ],
      "inv_transform_matrix": [
        [
          0.0,
          -1.0,
          0.0,
          13.175649642944336
        ],
        [
          0.44461697340011597,
          0.0,
          0.895720899105072,
          -10.333967208862305
        ],
        [
          -0.895720899105072,
          -0.0,
          0.44461697340011597,
          0.23445656895637512
        ],
        [
          -0.0,
          0.0,
          -0.0,
          1.0
        ]
      ],
      "frame_id": 15,
      "file_path": "train/r_15"
    },
    {
      "transform_matrix": [
        [
          -1.0,
          0.0,
          0.0,
          12.772500038146973
        ],
        [
          0.0,
          -0.8980008363723755,
          0.43999388813972473,
          16.842838287353516
        ],
        [
          0.0,
          0.43999388813972473,
          0.8980008363723755,
          12.681550979614258
        ],
        [
          0.0,
          0.0,
          0.0,
          1.0
        ]
      ],
      "camera_location": [
        12.772500038146973,
        16.842838287353516,
        12.681550979614258
      ],
      "inv_transform_matrix": [
        [
          -1.0,
          -0.0,
          0.0,
          12.772499084472656
        ],
        [
          -0.0,
          -0.8980007171630859,
          0.43999382853507996,
          9.545077323913574
        ],
        [
          0.0,
          0.43999382853507996,
          0.8980007171630859,
          -18.79878807067871
        ],
        [
          -0.0,
          0.0,
          -0.0,
          1.0
        ]
      ],
      "frame_id": 16,
      "file_path": "train/r_16"
    },
    {
      "transform_matrix": [
        [
          -0.80901700258255,
          -0.031265705823898315,
          0.5869531631469727,
          18.296916961669922
        ],
        [
          0.5877853035926819,
          -0.04303354769945145,
          0.8078716397285461,
          20.779356002807617
        ],
        [
          0.0,
          0.9985843896865845,
          0.053192388266325,
          5.69768762588501
        ],
        [
          0.0,
          0.0,
          0.0,
          1.0
        ]
      ],
      "camera_location": [
        18.296916961669922,
        20.779356002807617,
        5.69768762588501
      ],
      "inv_transform_matrix": [
        [
          -0.8090169429779053,
          0.5877853035926819,
          0.0,
          2.588716506958008
        ],
        [
          -0.03126570209860802,
          -0.04303354397416115,
          0.9985842704772949,
          -4.2233452796936035
        ],
        [
          0.5869531631469727,
          0.8078716397285461,
          0.0531923845410347,
          -27.829559326171875
        ],
        [
          -0.0,
          0.0,
          -0.0,
          1.0
        ]
      ],
      "frame_id": 17,
      "file_path": "train/r_17"
    },
    {
      "transform_matrix": [
        [
          0.5877854228019714,
          -0.7879431843757629,
          0.1834501475095749,
          14.284971237182617
        ],
        [
          0.8090169429779053,
          0.5724744200706482,
          -0.13328437507152557,
          12.076773643493652
        ],
        [
          0.0,
          0.22675690054893494,
          0.9739513993263245,
          13.226869583129883
        ],
        [
          0.0,
          0.0,
          0.0,
          1.0
        ]
      ],
      "camera_location": [
        14.284971237182617,
        12.076773643493652,
        13.226869583129883
      ],
      "inv_transform_matrix": [
        [
          0.5877853631973267,
          0.8090168237686157,
          0.0,
          -18.166810989379883
        ],
        [
          -0.7879430651664734,
          0.5724743604660034,
          0.22675687074661255,
          1.3428176641464233
        ],
        [
          0.18345016241073608,
          -0.13328438997268677,
          0.9739513993263245,
          -13.89326286315918
        ],
        [
          -0.0,
          0.0,
          -0.0,
          1.0
        ]
      ],
      "frame_id": 18,
      "file_path": "train/r_18"
    },
    {
      "transform_matrix": [
        [
          -1.0146871431970794e-07,
          0.053192365914583206,
          -0.9985843300819397,
          3.3737974166870117
        ],
        [
          -0.9999999403953552,
          -5.3973612246238645e-09,
          1.0132507100024668e-07,
          13.175649642944336
        ],
        [
          0.0,
          0.9985842704772949,
          0.053192369639873505,
          5.69768762588501
        ],
        [
          0.0,
          0.0,
          0.0,
          1.0
        ]
      ],
      "camera_location": [
        3.3737974166870117,
        13.175649642944336,
        5.69768762588501
      ],
      "inv_transform_matrix": [
        [
          -1.0146872853056266e-07,
          -1.0000001192092896,
          0.0,
          13.175650596618652
        ],
        [
          0.053192369639873505,
          -5.397361668713074e-09,
          0.9985843300819397,
          -5.869081497192383
        ],
        [
          -0.9985842704772949,
          1.0132507100024668e-07,
          0.053192365914583206,
          3.065946102142334
        ],
        [
          -0.0,
          0.0,
          -0.0,
          1.0
        ]
      ],
      "frame_id": 19,
      "file_path": "train/r_19"
    },
    {
      "transform_matrix": [
        [
          0.0,
          -0.7782867550849915,
          0.6279090642929077,
          18.096435546875
        ],
        [
          1.0,
          0.0,
          0.0,
          13.17564868927002
        ],
        [
          0.0,
          0.6279090642929077,
          0.7782867550849915,
          11.796002388000488
        ],
        [
          0.0,
          0.0,
          0.0,
          1.0
        ]
      ],
      "camera_location": [
        18.096435546875,
        13.17564868927002,
        11.796002388000488
      ],
      "inv_transform_matrix": [
        [
          0.0,
          1.0,
          0.0,
          -13.175647735595703
        ],
        [
          -0.7782866358757019,
          0.0,
          0.6279090046882629,
          6.677398204803467
        ],
        [
          0.6279090046882629,
          -0.0,
          0.7782866358757019,
          -20.54358673095703
        ],
        [
          -0.0,
          0.0,
          -0.0,
          1.0
        ]
      ],
      "frame_id": 20,
      "file_path": "train/r_20"
    },
    {
      "transform_matrix": [
        [
          0.9510565400123596,
          -0.1373942345380783,
          0.276792973279953,
          15.234696388244629
        ],
        [
          0.30901703238487244,
          0.422855943441391,
          -0.8518811464309692,
          5.597787857055664
        ],
        [
          0.0,
          0.895720899105072,
          0.44461703300476074,
          9.152105331420898
        ],
        [
          0.0,
          0.0,
          0.0,
          1.0
        ]
      ],
      "camera_location": [
        15.234696388244629,
        5.597787857055664,
        9.152105331420898
      ],
      "inv_transform_matrix": [
        [
          0.9510564804077148,
          0.30901700258255005,
          0.0,
          -16.218868255615234
        ],
        [
          -0.13739420473575592,
          0.42285585403442383,
          0.8957206606864929,
          -8.471628189086914
        ],
        [
          0.2767929434776306,
          -0.8518810272216797,
          0.4446169435977936,
          -3.517388343811035
        ],
        [
          -0.0,
          0.0,
          -0.0,
          1.0
        ]
      ],
      "frame_id": 21,
      "file_path": "train/r_21"
    },
    {
      "transform_matrix": [
        [
          -0.30901697278022766,
          -0.13448938727378845,
          -0.9414993524551392,
          3.658681869506836
        ],
        [
          -0.9510565400123596,
          0.04369824379682541,
          0.305911660194397,
          16.13690757751465
        ],
        [
          0.0,
          0.9899510145187378,
          -0.14141049981117249,
          3.8281702995300293
        ],
        [
          0.0,
          0.0,
          0.0,
          1.0
        ]
      ],
      "camera_location": [
        3.658681869506836,
        16.13690757751465,
        3.8281702995300293
      ],
      "inv_transform_matrix": [
        [
          -0.30901697278022766,
          -0.9510565400123596,
          -3.725290742551124e-09,
          16.47770881652832
        ],
        [
          -0.13448940217494965,
          0.04369824752211571,
          0.9899510741233826,
          -4.00280237197876
        ],
        [
          -0.9414994716644287,
          0.30591168999671936,
          -0.14141051471233368,
          -0.9504781365394592
        ],
        [
          0.0,
          0.0,
          -0.0,
          1.0
        ]
      ],
      "frame_id": 22,
      "file_path": "train/r_22"
    },
    {
      "transform_matrix": [
        [
          0.8090170621871948,
          0.457465261220932,
          -0.3690757155418396,
          9.643168449401855
        ],
        [
          -0.5877851247787476,
          0.6296471357345581,
          -0.5079892873764038,
          8.868492126464844
        ],
        [
          0.0,
          0.6279091835021973,
          0.7782865762710571,
          11.796002388000488
        ],
        [
          0.0,
          0.0,
          0.0,
          1.0
        ]
      ],
      "camera_location": [
        9.643168449401855,
        8.868492126464844,
        11.796002388000488
      ],
      "inv_transform_matrix": [
        [
          0.8090171217918396,
          -0.5877851843833923,
          1.4901162970204496e-08,
          -2.5887205600738525
        ],
        [
          0.4574652910232544,
          0.6296471953392029,
          0.627909243106842,
          -17.40225601196289
        ],
        [
          -0.3690757155418396,
          -0.5079892873764038,
          0.7782866358757019,
          -1.1165122985839844
        ],
        [
          -0.0,
          0.0,
          -0.0,
          1.0
        ]
      ],
      "frame_id": 23,
      "file_path": "train/r_23"
    },
    {
      "transform_matrix": [
        [
          -1.0,
          0.0,
          0.0,
          12.772500038146973
        ],
        [
          0.0,
          -0.0531923845410347,
          0.9985842704772949,
          22.57434844970703
        ],
        [
          0.0,
          0.9985842704772949,
          0.0531923845410347,
          5.69768762588501
        ],
        [
          0.0,
          0.0,
          0.0,
          1.0
        ]
      ],
      "camera_location": [
        12.772500038146973,
        22.57434844970703,
        5.69768762588501
      ],
      "inv_transform_matrix": [
        [
          -1.0,
          -0.0,
          0.0,
          12.772499084472656
        ],
        [
          -0.0,
          -0.0531923845410347,
          0.9985842704772949,
          -4.488838195800781
        ],
        [
          0.0,
          0.9985842704772949,
          0.0531923845410347,
          -22.845462799072266
        ],
        [
          -0.0,
          0.0,
          -0.0,
          1.0
        ]
      ],
      "frame_id": 24,
      "file_path": "train/r_24"
    },
    {
      "transform_matrix": [
        [
          0.0,
          1.0,
          0.0,
          12.772500038146973
        ],
        [
          -1.0,
          0.0,
          0.0,
          13.17564868927002
        ],
        [
          0.0,
          0.0,
          1.0,
          13.411001205444336
        ],
        [
          0.0,
          0.0,
          0.0,
          1.0
        ]
      ],
      "camera_location": [
        12.772500038146973,
        13.17564868927002,
        13.411001205444336
      ],
      "inv_transform_matrix": [
        [
          0.0,
          -1.0,
          0.0,
          13.17564868927002
        ],
        [
          1.0,
          0.0,
          -0.0,
          -12.772500038146973
        ],
        [
          0.0,
          -0.0,
          1.0,
          -13.411001205444336
        ],
        [
          -0.0,
          0.0,
          -0.0,
          1.0
        ]
      ],
      "frame_id": 25,
      "file_path": "train/r_25"
    },
    {
      "transform_matrix": [
        [
          1.0,
          0.0,
          0.0,
          12.772500038146973
        ],
        [
          0.0,
          0.9739513993263245,
          -0.22675685584545135,
          11.306131362915039
        ],
        [
          0.0,
          0.22675685584545135,
          0.9739513993263245,
          13.226869583129883
        ],
        [
          0.0,
          0.0,
          0.0,
          1.0
        ]
      ],
      "camera_location": [
        12.772500038146973,
        11.306131362915039,
        13.226869583129883
      ],
      "inv_transform_matrix": [
        [
          1.0,
          -0.0,
          0.0,
          -12.772500038146973
        ],
        [
          -0.0,
          0.9739513993263245,
          0.22675685584545135,
          -14.010906219482422
        ],
        [
          0.0,
          -0.22675685584545135,
          0.9739513993263245,
          -10.318585395812988
        ],
        [
          -0.0,
          0.0,
          -0.0,
          1.0
        ]
      ],
      "frame_id": 26,
      "file_path": "train/r_26"
    },
    {
      "transform_matrix": [
        [
          0.0,
          -0.14141051471233368,
          -0.9899510741233826,
          3.189664840698242
        ],
        [
          -1.0,
          0.0,
          0.0,
          13.17564868927002
        ],
        [
          0.0,
          0.9899510741233826,
          -0.14141051471233368,
          3.8281702995300293
        ],
        [
          0.0,
          0.0,
          0.0,
          1.0
        ]
      ],
      "camera_location": [
        3.189664840698242,
        13.17564868927002,
        3.8281702995300293
      ],
      "inv_transform_matrix": [
        [
          0.0,
          -1.0,
          0.0,
          13.17564868927002
        ],
        [
          -0.14141051471233368,
          0.0,
          0.9899510741233826,
          -3.338649034500122
        ],
        [
          -0.9899510741233826,
          -0.0,
          -0.14141051471233368,
          3.698955535888672
        ],
        [
          0.0,
          0.0,
          -0.0,
          1.0
        ]
      ],
      "frame_id": 27,
      "file_path": "train/r_27"
    },
    {
      "transform_matrix": [
        [
          0.80901700258255,
          0.08311903476715088,
          0.5818786025047302,
          18.405147552490234
        ],
        [
          0.5877852439880371,
          -0.11440353840589523,
          -0.8008871674537659,
          5.422974109649658
        ],
        [
          0.0,
          0.9899510145187378,
          -0.14141054451465607,
          3.8281702995300293
        ],
        [
          0.0,
          0.0,
          0.0,
          1.0
        ]
      ],
      "camera_location": [
        18.405147552490234,
        5.422974109649658,
        3.8281702995300293
      ],
      "inv_transform_matrix": [
        [
          0.8090169429779053,
          0.5877852439880371,
          0.0,
          -18.077619552612305
        ],
        [
          0.08311903476715088,
          -0.11440353840589523,
          0.9899510145187378,
          -4.6991119384765625
        ],
        [
          0.5818786025047302,
          -0.8008872270584106,
          -0.14141054451465607,
          -5.825026988983154
        ],
        [
          -0.0,
          0.0,
          -0.0,
          1.0
        ]
      ],
      "frame_id": 28,
      "file_path": "train/r_28"
    },
    {
      "transform_matrix": [
        [
          -0.9999999403953552,
          0.0,
          0.0,
          12.772500038146973
        ],
        [
          0.0,
          -0.7782864570617676,
          0.6279093027114868,
          18.499588012695312
        ],
        [
          0.0,
          0.627909243106842,
          0.7782865166664124,
          11.796002388000488
        ],
        [
          0.0,
          0.0,
          0.0,
          1.0
        ]
      ],
      "camera_location": [
        12.772500038146973,
        18.499588012695312,
        11.796002388000488
      ],
      "inv_transform_matrix": [
        [
          -1.0000001192092896,
          -0.0,
          0.0,
          12.772500991821289
        ],
        [
          -0.0,
          -0.7782865762710571,
          0.6279093027114868,
          6.9911603927612305
        ],
        [
          0.0,
          0.627909243106842,
          0.7782865166664124,
          -20.796730041503906
        ],
        [
          -0.0,
          0.0,
          -0.0,
          1.0
        ]
      ],
      "frame_id": 29,
      "file_path": "train/r_29"
    },
    {
      "transform_matrix": [
        [
          -1.0,
          0.0,
          0.0,
          12.772500038146973
        ],
        [
          0.0,
          -0.9739513993263245,
          0.22675685584545135,
          15.045166015625
        ],
        [
          0.0,
          0.22675685584545135,
          0.9739513993263245,
          13.226869583129883
        ],
        [
          0.0,
          0.0,
          0.0,
          1.0
        ]
      ],
      "camera_location": [
        12.772500038146973,
        15.045166015625,
        13.226869583129883
      ],
      "inv_transform_matrix": [
        [
          -1.0,
          -0.0,
          0.0,
          12.772500038146973
        ],
        [
          -0.0,
          -0.9739513993263245,
          0.22675685584545135,
          11.653976440429688
        ],
        [
          0.0,
          0.22675685584545135,
          0.9739513993263245,
          -16.293922424316406
        ],
        [
          -0.0,
          0.0,
          -0.0,
          1.0
        ]
      ],
      "frame_id": 30,
      "file_path": "train/r_30"
    },
    {
      "transform_matrix": [
        [
          -0.8090168833732605,
          0.4574654698371887,
          -0.3690759241580963,
          9.643166542053223
        ],
        [
          -0.5877853631973267,
          -0.6296469569206238,
          0.5079892873764038,
          17.482805252075195
        ],
        [
          0.0,
          0.6279093027114868,
          0.7782865762710571,
          11.796002388000488
        ],
        [
          0.0,
          0.0,
          0.0,
          1.0
        ]
      ],
      "camera_location": [
        9.643166542053223,
        17.482805252075195,
        11.796002388000488
      ],
      "inv_transform_matrix": [
        [
          -0.8090169429779053,
          -0.5877854228019714,
          2.9802322387695312e-08,
          18.07762336730957
        ],
        [
          0.4574654698371887,
          -0.6296469569206238,
          0.6279093027114868,
          -0.8102402687072754
        ],
        [
          -0.3690758943557739,
          0.507989227771759,
          0.7782865166664124,
          -14.502686500549316
        ],
        [
          -0.0,
          0.0,
          -0.0,
          1.0
        ]
      ],
      "frame_id": 31,
      "file_path": "train/r_31"
    },
    {
      "transform_matrix": [
        [
          0.3090170621871948,
          0.5932064056396484,
          -0.7433804869651794,
          6.328059196472168
        ],
        [
          -0.9510564208030701,
          0.19274450838565826,
          -0.24153903126716614,
          11.081722259521484
        ],
        [
          0.0,
          0.7816364765167236,
          0.623734176158905,
          10.604254722595215
        ],
        [
          0.0,
          0.0,
          0.0,
          1.0
        ]
      ],
      "camera_location": [
        6.328059196472168,
        11.081722259521484,
        10.604254722595215
      ],
      "inv_transform_matrix": [
        [
          0.3090171217918396,
          -0.9510565996170044,
          0.0,
          8.583867073059082
        ],
        [
          0.593206524848938,
          0.19274453818798065,
          0.7816365957260132,
          -14.178462028503418
        ],
        [
          -0.7433804869651794,
          -0.24153904616832733,
          0.6237342357635498,
          0.7665884494781494
        ],
        [
          -0.0,
          0.0,
          -0.0,
          1.0
        ]
      ],
