{
  "metadata": {
    "blender_version": "3.3.0",
    "engine": "BLENDER_EEVEE"
  },
  "camera_angle_x": 0.6911112070083618,
  "object_position": [
    12.772500038146973,
    13.17564868927002,
    5.197039604187012
  ],
  "frames": [
    {
      "frame_id": 0,
      "file_path": "train/r_0",
      "transform_matrix": [
        [
          -0.053861912339925766,
          0.15556518733501434,
          -0.9863560795783997,
          7.2733001708984375
        ],
        [
          -0.9985484480857849,
          -0.00839121825993061,
          0.0532042533159256,
          13.47227668762207
        ],
        [
          9.313225746154785e-10,
          0.9877899885177612,
          0.15579132735729218,
          6.06561803817749
        ],
        [
          0.0,
          0.0,
          0.0,
          1.0
        ]
      ],
      "inv_transform_matrix": [
        [
          -0.05386190861463547,
          -0.9985483884811401,
          9.313225746154785e-10,
          13.844473838806152
        ],
        [
          0.15556518733501434,
          -0.00839121825993061,
          0.9877899885177612,
          -7.009980201721191
        ],
        [
          -0.9863561391830444,
          0.0532042570412159,
          0.15579134225845337,
          5.5123114585876465
        ],
        [
          -0.0,
          0.0,
          -0.0,
          1.0
        ]
      ],
      "position": [
        14.928020477294922,
        10.20882797241211,
        12.681550979614258
      ],
      "rotation_euler": [
        0.9592517614364624,
        -1.547453365446927e-07,
        2.170614719390869
      ],
      "rotation_quaternion": [
        1.0,
        0.0,
        0.0,
        0.0
      ],
      "resolution": {
        "x": 224,
        "y": 224,
        "percentage": 100
      },
      "clip_start": 0.10000000149011612,
      "clip_end": 100.0,
      "fps": 24,
      "timestamp": 0.0
    },
    {
      "frame_id": 1,
      "file_path": "train/r_1",
      "transform_matrix": [
        [
          0.8090171813964844,
          -0.5278313755989075,
          0.2586219310760498,
          14.928020477294922
        ],
        [
          0.587785005569458,
          0.726498007774353,
          -0.35596272349357605,
          10.20882797241211
        ],
        [
          -2.9802322387695312e-08,
          0.43999388813972473,
          0.8980007171630859,
          12.681550979614258
        ],
        [
          0.0,
          0.0,
          0.0,
          1.0
        ]
      ],
      "inv_transform_matrix": [
        [
          0.8090171813964844,
          0.587785005569458,
          -2.9802322387695312e-08,
          -18.077619552612305
        ],
        [
          -0.5278313755989075,
          0.726498007774353,
          0.43999403715133667,
          -5.11702299118042
        ],
        [
          0.25862184166908264,
          -0.3559625744819641,
          0.8980007171630859,
          -11.61479377746582
        ],
        [
          -0.0,
          0.0,
          -0.0,
          1.0
        ]
      ],
      "position": [
        10.036654472351074,
        4.755580902099609,
        7.495360851287842
      ],
      "rotation_euler": [
        0.9771329760551453,
        -1.6460987239952374e-07,
        2.013282537460327
      ],
      "rotation_quaternion": [
        1.0,
        0.0,
        0.0,
        0.0
      ],
      "resolution": {
        "x": 224,
        "y": 224,
        "percentage": 100
      },
      "clip_start": 0.10000000149011612,
      "clip_end": 100.0,
      "fps": 24,
      "timestamp": 0.041666666666666664
    },
    {
      "frame_id": 2,
      "file_path": "train/r_2",
      "transform_matrix": [
        [
          0.9510565996170044,
          0.07764652371406555,
          -0.2991028428077698,
          10.036654472351074
        ],
        [
          -0.30901700258255005,
          0.23897145688533783,
          -0.9205439686775208,
          4.755580902099609
        ],
        [
          0.0,
          0.9679171442985535,
          0.25126945972442627,
          7.495360851287842
        ],
        [
          0.0,
          0.0,
          0.0,
          1.0
        ]
      ],
      "inv_transform_matrix": [
        [
          0.9510564208030701,
          -0.3090169429779053,
          0.0,
          -8.0758695602417
        ],
        [
          0.07764653116464615,
          0.23897144198417664,
          0.9679171442985535,
          -9.170648574829102
        ],
        [
          -0.2991028130054474,
          -0.9205438494682312,
          0.25126945972442627,
          5.496357440948486
        ],
        [
          -0.0,
          0.0,
          -0.0,
          1.0
        ]
      ],
      "position": [
        6.326385498046875,
        8.49227237701416,
        9.152105331420898
      ],
      "rotation_euler": [
        0.858089804649353,
        -3.1949703327427414e-08,
        2.501326322555542
      ],
      "rotation_quaternion": [
        1.0,
        0.0,
        0.0,
        0.0
      ],
      "resolution": {
        "x": 224,
        "y": 224,
        "percentage": 100
      },
      "clip_start": 0.10000000149011612,
      "clip_end": 100.0,
      "fps": 24,
      "timestamp": 0.08333333333333333
    },
    {
      "frame_id": 3,
      "file_path": "train/r_3",
      "transform_matrix": [
        [
          0.5877853035926819,
          0.3597026467323303,
          -0.7246533036231995,
          6.326385498046875
        ],
        [
          -0.8090170621871948,
          0.2613392770290375,
          -0.5264914631843567,
          8.49227237701416
        ],
        [
          0.0,
          0.8957208395004272,
          0.4446169137954712,
          9.152105331420898
        ],
        [
          0.0,
          0.0,
          0.0,
          1.0
        ]
      ],
      "inv_transform_matrix": [
        [
          0.5877852439880371,
          -0.8090169429779053,
          0.0,
          3.1518359184265137
        ],
        [
          0.3597026765346527,
          0.2613392770290375,
          0.8957208395004272,
          -12.692712783813477
        ],
        [
          -0.724653422832489,
          -0.5264915227890015,
          0.44461697340011597,
          4.98636531829834
        ],
        [
          -0.0,
          0.0,
          -0.0,
          1.0
        ]
      ],
      "position": [
        22.171199798583984,
        13.17564868927002,
        5.69768762588501
      ],
      "rotation_euler": [
        1.3533682823181152,
        -5.1126757938391165e-08,
        2.1069908142089844
      ],
      "rotation_quaternion": [
        1.0,
        0.0,
        0.0,
        0.0
      ],
      "resolution": {
        "x": 224,
        "y": 224,
        "percentage": 100
      },
      "clip_start": 0.10000000149011612,
      "clip_end": 100.0,
      "fps": 24,
      "timestamp": 0.125
    },
    {
      "frame_id": 4,
      "file_path": "train/r_4",
      "transform_matrix": [
        [
          0.0,
          -0.0531923845410347,
          0.9985842704772949,
          22.171199798583984
        ],
        [
          1.0,
          0.0,
          0.0,
          13.17564868927002
        ],
        [
          0.0,
          0.9985843300819397,
          0.0531923845410347,
          5.69768762588501
        ],
        [
          0.0,
          0.0,
          0.0,
          1.0
        ]
      ],
      "inv_transform_matrix": [
        [
          0.0,
          1.0,
          0.0,
          -13.17564868927002
        ],
        [
          -0.0531923845410347,
          0.0,
          0.9985842704772949,
          -4.510282516479492
        ],
        [
          0.9985843300819397,
          -0.0,
          0.0531923845410347,
          -22.442886352539062
        ],
        [
          -0.0,
          0.0,
          -0.0,
          1.0
        ]
      ],
      "position": [
        8.789615631103516,
        18.657617568969727,
        10.604254722595215
      ],
      "rotation_euler": [
        1.0958834886550903,
        -1.4085486554904492e-08,
        2.7013306617736816
      ],
      "rotation_quaternion": [
        1.0,
        0.0,
        0.0,
        0.0
      ],
      "resolution": {
        "x": 224,
        "y": 224,
        "percentage": 100
      },
      "clip_start": 0.10000000149011612,
      "clip_end": 100.0,
      "fps": 24,
      "timestamp": 0.16666666666666666
    },
    {
      "frame_id": 5,
      "file_path": "train/r_5",
      "transform_matrix": [
        [
          -0.8090168833732605,
          0.36662179231643677,
          -0.45943450927734375,
          8.789615631103516
        ],
        [
          -0.5877853035926819,
          -0.5046114921569824,
          0.6323571801185608,
          18.657617568969727
        ],
        [
          -1.4901160305669237e-08,
          0.7816365361213684,
          0.623734176158905,
          10.604254722595215
        ],
        [
          0.0,
          0.0,
          0.0,
          1.0
        ]
      ],
      "inv_transform_matrix": [
        [
          -0.80901700258255,
          -0.5877854228019714,
          -1.4901162970204496e-08,
          18.07762336730957
        ],
        [
          0.36662182211875916,
          -0.5046115517616272,
          0.7816365361213684,
          -2.0962889194488525
        ],
        [
          -0.45943450927734375,
          0.6323572397232056,
          0.623734176158905,
          -14.374260902404785
        ],
        [
          0.0,
          0.0,
          -0.0,
          1.0
        ]
      ],
      "position": [
        11.639275550842285,
        9.687942504882812,
        12.681550979614258
      ],
      "rotation_euler": [
        0.8736515045166016,
        -5.3923137954825506e-08,
        2.26495361328125
      ],
      "rotation_quaternion": [
        1.0,
        0.0,
        0.0,
        0.0
      ],
      "resolution": {
        "x": 224,
        "y": 224,
        "percentage": 100
      },
      "clip_start": 0.10000000149011612,
      "clip_end": 100.0,
      "fps": 24,
      "timestamp": 0.20833333333333334
    },
    {
      "frame_id": 6,
      "file_path": "train/r_6",
      "transform_matrix": [
        [
          0.9510565996170044,
          0.2774975001811981,
          -0.13596564531326294,
          11.639275550842285
        ],
        [
          -0.30901703238487244,
          0.8540494441986084,
          -0.4184592068195343,
          9.687942504882812
        ],
        [
          0.0,
          0.43999388813972473,
          0.8980007171630859,
          12.681550979614258
        ],
        [
          0.0,
          0.0,
          0.0,
          1.0
        ]
      ],
      "inv_transform_matrix": [
        [
          0.9510564804077148,
          -0.30901700258255005,
          0.0,
          -8.075870513916016
        ],
        [
          0.2774975299835205,
          0.8540495038032532,
          0.43999409675598145,
          -17.083660125732422
        ],
        [
          -0.13596560060977936,
          -0.41845908761024475,
          0.8980008363723755,
          -5.75149393081665
        ],
        [
          -0.0,
          0.0,
          -0.0,
          1.0
        ]
      ],
      "position": [
        9.805679321289062,
        15.331170082092285,
        12.681550979614258
      ],
      "rotation_euler": [
        0.9621978998184204,
        -5.65369759897294e-08,
        2.5725696086883545
      ],
      "rotation_quaternion": [
        1.0,
        0.0,
        0.0,
        0.0
      ],
      "resolution": {
        "x": 224,
        "y": 224,
        "percentage": 100
      },
      "clip_start": 0.10000000149011612,
      "clip_end": 100.0,
      "fps": 24,
      "timestamp": 0.25
    },
    {
      "frame_id": 7,
      "file_path": "train/r_7",
      "transform_matrix": [
        [
          -0.5877852439880371,
          0.7264977693557739,
          -0.35596269369125366,
          9.805679321289062
        ],
        [
          -0.8090170621871948,
          -0.527831494808197,
          0.25862202048301697,
          15.331170082092285
        ],
        [
          0.0,
          0.43999406695365906,
          0.8980005979537964,
          12.681550979614258
        ],
        [
          0.0,
          0.0,
          0.0,
          1.0
        ]
      ],
      "inv_transform_matrix": [
        [
          -0.5877851843833923,
          -0.80901700258255,
          0.0,
          18.16680908203125
        ],
        [
          0.7264978885650635,
          -0.5278315544128418,
          0.4399941563606262,
          -4.611338138580322
        ],
        [
          -0.35596272349357605,
          0.25862205028533936,
          0.8980007171630859,
          -11.862564086914062
        ],
        [
          -0.0,
          0.0,
          -0.0,
          1.0
        ]
      ],
      "position": [
        13.87137508392334,
        14.688119888305664,
        13.226869583129883
      ],
      "rotation_euler": [
        0.9911223649978638,
        -1.0537696937262808e-07,
        2.3847849369049072
      ],
      "rotation_quaternion": [
        1.0,
        0.0,
        0.0,
        0.0
      ],
      "resolution": {
        "x": 224,
        "y": 224,
        "percentage": 100
      },
      "clip_start": 0.10000000149011612,
      "clip_end": 100.0,
      "fps": 24,
      "timestamp": 0.2916666666666667
    },
    {
      "frame_id": 8,
      "file_path": "train/r_8",
      "transform_matrix": [
        [
          -0.8090169429779053,
          -0.5724744200706482,
          0.13328436017036438,
          13.87137508392334
        ],
        [
          0.5877854228019714,
          -0.7879431843757629,
          0.1834501326084137,
          14.688119888305664
        ],
        [
          0.0,
          0.22675681114196777,
          0.9739513397216797,
          13.226869583129883
        ],
        [
          0.0,
          0.0,
          0.0,
          1.0
        ]
      ],
      "inv_transform_matrix": [
        [
          -0.8090168833732605,
          0.5877853631973267,
          -7.450580596923828e-09,
          2.588714838027954
        ],
        [
          -0.5724744200706482,
          -0.7879431247711182,
          0.22675687074661255,
          16.515127182006836
        ],
        [
          0.13328434526920319,
          0.1834501028060913,
          0.973951518535614,
          -17.425703048706055
        ],
        [
          -0.0,
          0.0,
          -0.0,
          1.0
        ]
      ],
      "position": [
        6.326385021209717,
        17.859025955200195,
        9.152105331420898
      ],
      "rotation_euler": [
        1.1207994222640991,
        4.572314082906814e-08,
        2.801145315170288
      ],
      "rotation_quaternion": [
        1.0,
        0.0,
        0.0,
        0.0
      ],
      "resolution": {
        "x": 224,
        "y": 224,
        "percentage": 100
      },
      "clip_start": 0.10000000149011612,
      "clip_end": 100.0,
      "fps": 24,
      "timestamp": 0.3333333333333333
    },
    {
      "frame_id": 9,
      "file_path": "train/r_9",
      "transform_matrix": [
        [
          -0.5877853035926819,
          0.3597026467323303,
          -0.7246533036231995,
          6.326385021209717
        ],
        [
          -0.80901700258255,
          -0.26133930683135986,
          0.5264915227890015,
          17.859025955200195
        ],
        [
          0.0,
          0.895720899105072,
          0.4446168839931488,
          9.152105331420898
        ],
        [
          0.0,
          0.0,
          0.0,
          1.0
        ]
      ],
      "inv_transform_matrix": [
        [
          -0.5877852439880371,
          -0.8090168833732605,
          0.0,
          18.166810989379883
        ],
        [
          0.35970258712768555,
          -0.2613392472267151,
          0.8957207202911377,
          -5.806084156036377
        ],
        [
          -0.7246533632278442,
          0.5264915227890015,
          0.4446169137954712,
          -8.887371063232422
        ],
        [
          -0.0,
          0.0,
          -0.0,
          1.0
        ]
      ],
      "position": [
        18.296916961669922,
        5.571939945220947,
        5.69768762588501
      ],
      "rotation_euler": [
        1.281272292137146,
        5.93577631491371e-08,
        1.8664031028747559
      ],
      "rotation_quaternion": [
        1.0,
        0.0,
        0.0,
        0.0
      ],
      "resolution": {
        "x": 224,
        "y": 224,
        "percentage": 100
      },
      "clip_start": 0.10000000149011612,
      "clip_end": 100.0,
      "fps": 24,
      "timestamp": 0.375
    },
    {
      "frame_id": 10,
      "file_path": "train/r_10",
      "transform_matrix": [
        [
          0.8090170621871948,
          -0.03126569464802742,
          0.5869530439376831,
          18.296916961669922
        ],
        [
          0.5877851843833923,
          0.04303354397416115,
          -0.8078716993331909,
          5.571939945220947
        ],
        [
          0.0,
          0.9985843300819397,
          0.0531923808157444,
          5.69768762588501
        ],
        [
          0.0,
          0.0,
          0.0,
          1.0
        ]
      ],
      "inv_transform_matrix": [
        [
          0.8090170621871948,
          0.5877851843833923,
          0.0,
          -18.077621459960938
        ],
        [
          -0.03126569464802742,
          0.04303354397416115,
          0.9985842704772949,
          -5.357336044311523
        ],
        [
          0.5869531035423279,
          -0.8078717589378357,
          0.0531923845410347,
          -6.541092872619629
        ],
        [
          -0.0,
          0.0,
          -0.0,
          1.0
        ]
      ],
      "position": [
        17.835865020751953,
        14.82083511352539,
        11.796002388000488
      ],
      "rotation_euler": [
        1.10023832321167,
        -1.5757403559746308e-07,
        2.2641303539276123
      ],
      "rotation_quaternion": [
        1.0,
        0.0,
        0.0,
        0.0
      ],
      "resolution": {
        "x": 224,
        "y": 224,
        "percentage": 100
      },
      "clip_start": 0.10000000149011612,
      "clip_end": 100.0,
      "fps": 24,
      "timestamp": 0.4166666666666667
    },
    {
      "frame_id": 11,
      "file_path": "train/r_11",
      "transform_matrix": [
        [
          -0.3090169131755829,
          -0.74019455909729,
          0.5971770286560059,
          17.835865020751953
        ],
        [
          0.9510565996170044,
          -0.2405037134885788,
          0.19403451681137085,
          14.82083511352539
        ],
        [
          0.0,
          0.6279091238975525,
          0.7782865762710571,
          11.796002388000488
        ],
        [
          0.0,
          0.0,
          0.0,
          1.0
        ]
      ],
      "inv_transform_matrix": [
        [
          -0.3090169131755829,
          0.9510565400123596,
          0.0,
          -8.583868026733398
        ],
        [
          -0.7401946783065796,
          -0.24050375819206238,
          0.627909243106842,
          9.359661102294922
        ],
        [
          0.5971772074699402,
          0.19403457641601562,
          0.7782867550849915,
          -22.707599639892578
        ],
        [
          -0.0,
          0.0,
          -0.0,
          1.0
        ]
      ],
      "position": [
        11.673624992370605,
        14.688119888305664,
        13.226869583129883
      ],
      "rotation_euler": [
        0.9567358493804932,
        3.577565621526446e-08,
        2.4700510501861572
      ],
      "rotation_quaternion": [
        1.0,
        0.0,
        0.0,
        0.0
      ],
      "resolution": {
        "x": 224,
        "y": 224,
        "percentage": 100
      },
      "clip_start": 0.10000000149011612,
      "clip_end": 100.0,
      "fps": 24,
      "timestamp": 0.4583333333333333
    },
    {
      "frame_id": 12,
      "file_path": "train/r_12",
      "transform_matrix": [
        [
          -0.8090169429779053,
          0.5724744200706482,
          -0.13328437507152557,
          11.673624992370605
        ],
        [
          -0.5877854228019714,
          -0.7879431843757629,
          0.1834501475095749,
          14.688119888305664
        ],
        [
          0.0,
          0.22675681114196777,
          0.9739513993263245,
          13.226869583129883
        ],
        [
          0.0,
          0.0,
          0.0,
          1.0
        ]
      ],
      "inv_transform_matrix": [
        [
          -0.8090168237686157,
          -0.5877853631973267,
          0.0,
          18.077619552612305
        ],
        [
          0.5724743604660034,
          -0.7879430651664734,
          0.22675687074661255,
          1.8912684917449951
        ],
        [
          -0.133284330368042,
          0.18345008790493011,
          0.9739513993263245,
          -14.020953178405762
        ],
        [
          -0.0,
          0.0,
          -0.0,
          1.0
        ]
      ],
      "position": [
        10.310302734375,
        20.753511428833008,
        9.152105331420898
      ],
      "rotation_euler": [
        1.194661021232605,
        9.348516982754518e-08,
        2.6805098056793213
      ],
      "rotation_quaternion": [
        1.0,
        0.0,
        0.0,
        0.0
      ],
      "resolution": {
        "x": 224,
        "y": 224,
        "percentage": 100
      },
      "clip_start": 0.10000000149011612,
      "clip_end": 100.0,
      "fps": 24,
      "timestamp": 0.5
    },
    {
      "frame_id": 13,
      "file_path": "train/r_13",
      "transform_matrix": [
        [
          -0.9510565400123596,
          0.13739420473575592,
          -0.2767930030822754,
          10.310302734375
        ],
        [
          -0.3090170621871948,
          -0.42285579442977905,
          0.8518810868263245,
          20.753511428833008
        ],
        [
          0.0,
          0.895720899105072,
          0.4446168839931488,
          9.152105331420898
        ],
        [
          0.0,
          0.0,
          0.0,
          1.0
        ]
      ],
      "inv_transform_matrix": [
        [
          -0.9510564208030701,
          -0.30901703238487244,
          0.0,
          16.2188663482666
        ],
        [
          0.13739418983459473,
          -0.4228557348251343,
          0.8957207202911377,
          -0.8385646343231201
        ],
        [
          -0.2767930030822754,
          0.8518810868263245,
          0.4446168839931488,
          -18.89488410949707
        ],
        [
          -0.0,
          0.0,
          -0.0,
          1.0
        ]
      ],
      "position": [
        18.405147552490234,
        20.928321838378906,
        3.8281702995300293
      ],
      "rotation_euler": [
        1.4342931509017944,
        5.511695633231284e-08,
        2.420254945755005
      ],
      "rotation_quaternion": [
        1.0,
        0.0,
        0.0,
        0.0
      ],
      "resolution": {
        "x": 224,
        "y": 224,
        "percentage": 100
      },
      "clip_start": 0.10000000149011612,
      "clip_end": 100.0,
      "fps": 24,
      "timestamp": 0.5416666666666666
    },
    {
      "frame_id": 14,
      "file_path": "train/r_14",
      "transform_matrix": [
        [
          -0.8090169429779053,
          0.08311904966831207,
          0.5818787217140198,
          18.405147552490234
        ],
        [
          0.5877853035926819,
          0.11440354585647583,
          0.8008872270584106,
          20.928321838378906
        ],
        [
          0.0,
          0.9899510741233826,
          -0.14141057431697845,
          3.8281702995300293
        ],
        [
          0.0,
          0.0,
          0.0,
          1.0
        ]
      ],
      "inv_transform_matrix": [
        [
          -0.8090169429779053,
          0.5877853035926819,
          0.0,
          2.588716983795166
        ],
        [
          0.08311904966831207,
          0.11440353840589523,
          0.9899510145187378,
          -7.7137932777404785
        ],
        [
          0.581878662109375,
          0.8008870482444763,
          -0.14141054451465607,
          -26.929439544677734
        ],
        [
          -0.0,
          -0.0,
          -0.0,
          1.0
        ]
      ],
      "position": [
        8.08912467956543,
        6.729534149169922,
        9.152105331420898
      ],
      "rotation_euler": [
        0.8549333810806274,
        5.241904332820013e-08,
        2.264702081680298
      ],
      "rotation_quaternion": [
        1.0,
        0.0,
        0.0,
        0.0
      ],
      "resolution": {
        "x": 224,
        "y": 224,
        "percentage": 100
      },
      "clip_start": 0.10000000149011612,
      "clip_end": 100.0,
      "fps": 24,
      "timestamp": 0.5833333333333334
    },
    {
      "frame_id": 15,
      "file_path": "train/r_15",
      "transform_matrix": [
        [
          0.8090170621871948,
          0.2613392770290375,
          -0.5264914035797119,
          8.08912467956543
        ],
        [
          -0.5877851843833923,
          0.3597027063369751,
          -0.724653422832489,
          6.729534149169922
        ],
        [
          -2.9802322387695312e-08,
          0.8957207798957825,
          0.44461697340011597,
          9.152105331420898
        ],
        [
          0.0,
          0.0,
          0.0,
          1.0
        ]
      ],
      "inv_transform_matrix": [
        [
          0.8090170621871948,
          -0.5877851843833923,
          -2.9802322387695312e-08,
          -2.588719367980957
        ],
        [
          0.26133930683135986,
          0.3597026765346527,
          0.8957208395004272,
          -12.732368469238281
        ],
        [
          -0.5264914035797119,
          -0.724653422832489,
          0.44461700320243835,
          5.066252708435059
        ],
        [
          -0.0,
          0.0,
          -0.0,
          1.0
        ]
      ],
      "position": [
        4.804664134979248,
        13.17564868927002,
        9.152105331420898
      ],
      "rotation_euler": [
        0.9926049709320068,
        8.137966744925507e-08,
        2.7919156551361084
      ],
      "rotation_quaternion": [
        1.0,
        0.0,
        0.0,
        0.0
      ],
      "resolution": {
        "x": 224,
        "y": 224,
        "percentage": 100
      },
      "clip_start": 0.10000000149011612,
      "clip_end": 100.0,
      "fps": 24,
      "timestamp": 0.625
    },
    {
      "frame_id": 16,
      "file_path": "train/r_16",
      "transform_matrix": [
        [
          0.0,
          0.44461697340011597,
          -0.8957207798957825,
          4.804664134979248
        ],
        [
          -0.9999999403953552,
          0.0,
          0.0,
          13.17564868927002
        ],
        [
          0.0,
          0.8957208395004272,
          0.4446169137954712,
          9.152105331420898
        ],
        [
          0.0,
          0.0,
          0.0,
          1.0
        ]
      ],
      "inv_transform_matrix": [
        [
          0.0,
          -1.0000001192092896,
          0.0,
          13.175649642944336
        ],
        [
          0.4446169137954712,
          0.0,
          0.8957207798957825,
          -10.333966255187988
        ],
        [
          -0.8957208395004272,
          -0.0,
          0.44461697340011597,
          0.23445653915405273
        ],
        [
          -0.0,
          0.0,
          -0.0,
          1.0
        ]
      ],
      "position": [
        12.772500038146973,
        16.842838287353516,
        12.681550979614258
      ],
      "rotation_euler": [
        1.0304217338562012,
        -6.39661266177427e-08,
        2.49277925491333
      ],
      "rotation_quaternion": [
        1.0,
        0.0,
        0.0,
        0.0
      ],
      "resolution": {
        "x": 224,
        "y": 224,
        "percentage": 100
      },
      "clip_start": 0.10000000149011612,
      "clip_end": 100.0,
      "fps": 24,
      "timestamp": 0.6666666666666666
    },
    {
      "frame_id": 17,
      "file_path": "train/r_17",
      "transform_matrix": [
        [
          -1.0,
          0.0,
          0.0,
          12.772500038146973
        ],
        [
          0.0,
          -0.8980007767677307,
          0.43999388813972473,
          16.842838287353516
        ],
        [
          0.0,
          0.4399939477443695,
          0.8980008363723755,
          12.681550979614258
        ],
        [
          0.0,
          0.0,
          0.0,
          1.0
        ]
      ],
      "inv_transform_matrix": [
        [
          -1.0,
          -0.0,
          0.0,
          12.772500038146973
        ],
        [
          -0.0,
          -0.8980007171630859,
          0.43999382853507996,
          9.545077323913574
        ],
        [
          0.0,
          0.43999388813972473,
          0.8980006575584412,
          -18.79878807067871
        ],
        [
          -0.0,
          0.0,
          -0.0,
          1.0
        ]
      ],
      "position": [
        18.296916961669922,
        20.779356002807617,
        5.69768762588501
      ],
      "rotation_euler": [
        1.367838978767395,
        1.122531045893993e-07,
        2.419637441635132
      ],
      "rotation_quaternion": [
        1.0,
        0.0,
        0.0,
        0.0
      ],
      "resolution": {
        "x": 224,
        "y": 224,
        "percentage": 100
      },
      "clip_start": 0.10000000149011612,
      "clip_end": 100.0,
      "fps": 24,
      "timestamp": 0.7083333333333334
    },
    {
      "frame_id": 18,
      "file_path": "train/r_18",
      "transform_matrix": [
        [
          -0.80901700258255,
          -0.031265705823898315,
          0.5869531035423279,
          18.296916961669922
        ],
        [
          0.5877852439880371,
          -0.04303354397416115,
          0.8078715801239014,
          20.779356002807617
        ],
        [
          -3.725290298461914e-09,
          0.9985843300819397,
          0.0531923845410347,
          5.69768762588501
        ],
        [
          0.0,
          0.0,
          0.0,
          1.0
        ]
      ],
      "inv_transform_matrix": [
        [
          -0.8090169429779053,
          0.5877852439880371,
          -3.725290298461914e-09,
          2.588716745376587
        ],
        [
          -0.03126570209860802,
          -0.04303354024887085,
          0.9985842704772949,
          -4.223345756530762
        ],
        [
          0.5869531631469727,
          0.8078716993331909,
          0.053192388266325,
          -27.829561233520508
        ],
        [
          -0.0,
          -0.0,
          -0.0,
          1.0
        ]
      ],
      "position": [
        14.284971237182617,
        12.076773643493652,
        13.226869583129883
      ],
      "rotation_euler": [
        0.9553226828575134,
        -5.2121902349711036e-09,
        2.2726244926452637
      ],
      "rotation_quaternion": [
        1.0,
        0.0,
        0.0,
        0.0
      ],
      "resolution": {
        "x": 224,
        "y": 224,
        "percentage": 100
      },
      "clip_start": 0.10000000149011612,
      "clip_end": 100.0,
      "fps": 24,
      "timestamp": 0.75
    },
    {
      "frame_id": 19,
      "file_path": "train/r_19",
      "transform_matrix": [
        [
          0.5877854228019714,
          -0.7879431247711182,
          0.1834501475095749,
          14.284971237182617
        ],
        [
          0.8090169429779053,
          0.5724743604660034,
          -0.13328437507152557,
          12.076773643493652
        ],
        [
          0.0,
          0.22675679624080658,
          0.9739513993263245,
          13.226869583129883
        ],
        [
          0.0,
          0.0,
          0.0,
          1.0
        ]
      ],
      "inv_transform_matrix": [
        [
          0.5877853631973267,
          0.8090168833732605,
          0.0,
          -18.166810989379883
        ],
        [
          -0.7879431843757629,
          0.5724744200706482,
          0.22675690054893494,
          1.342817783355713
        ],
        [
          0.18345008790493011,
          -0.13328434526920319,
          0.9739514589309692,
          -13.893263816833496
        ],
        [
          -0.0,
          0.0,
          -0.0,
          1.0
        ]
      ],
      "position": [
        3.3737974166870117,
        13.175649642944336,
        5.69768762588501
      ],
      "rotation_euler": [
        1.17408287525177,
        -1.0664975036434043e-07,
        2.890915870666504
      ],
      "rotation_quaternion": [
        1.0,
        0.0,
        0.0,
        0.0
      ],
      "resolution": {
        "x": 224,
        "y": 224,
        "percentage": 100
      },
      "clip_start": 0.10000000149011612,
      "clip_end": 100.0,
      "fps": 24,
      "timestamp": 0.7916666666666666
    },
    {
      "frame_id": 20,
      "file_path": "train/r_20",
      "transform_matrix": [
        [
          -1.0146871431970794e-07,
          0.053192365914583206,
          -0.9985843300819397,
          3.3737974166870117
        ],
        [
          -1.0,
          -5.3973612246238645e-09,
          1.0132507100024668e-07,
          13.175649642944336
        ],
        [
          0.0,
          0.9985843300819397,
          0.053192369639873505,
          5.69768762588501
        ],
        [
          0.0,
          0.0,
          0.0,
          1.0
        ]
      ],
      "inv_transform_matrix": [
        [
          -1.0146871431970794e-07,
          -1.0,
          0.0,
          13.17564868927002
        ],
        [
          0.05319236218929291,
          -5.397360780534655e-09,
          0.9985842108726501,
          -5.869081020355225
        ],
        [
          -0.9985842108726501,
          1.0132505678939197e-07,
          0.05319235846400261,
          3.065945863723755
        ],
        [
          -0.0,
          0.0,
          -0.0,
          1.0
        ]
      ],
      "position": [
        18.096435546875,
        13.17564868927002,
        11.796002388000488
      ],
      "rotation_euler": [
        1.0858101844787598,
        -4.042268741955013e-08,
        2.200120449066162
      ],
      "rotation_quaternion": [
        1.0,
        0.0,
        0.0,
        0.0
      ],
      "resolution": {
        "x": 224,
        "y": 224,
        "percentage": 100
      },
      "clip_start": 0.10000000149011612,
      "clip_end": 100.0,
      "fps": 24,
      "timestamp": 0.8333333333333334
    },
    {
      "frame_id": 21,
      "file_path": "train/r_21",
      "transform_matrix": [
        [
          0.0,
          -0.7782866954803467,
          0.6279090642929077,
          18.096435546875
        ],
        [
          0.9999999403953552,
          0.0,
          0.0,
          13.17564868927002
        ],
        [
          0.0,
          0.6279091238975525,
          0.7782867550849915,
          11.796002388000488
        ],
        [
          0.0,
          0.0,
          0.0,
          1.0
        ]
      ],
      "inv_transform_matrix": [
        [
          0.0,
          1.0000001192092896,
          0.0,
          -13.175650596618652
        ],
        [
          -0.7782867550849915,
          0.0,
          0.6279090642929077,
          6.677399158477783
        ],
        [
          0.6279091238975525,
          -0.0,
          0.7782866954803467,
          -20.543588638305664
        ],
        [
          -0.0,
          0.0,
          -0.0,
          1.0
        ]
      ],
      "position": [
        15.234696388244629,
        5.597787857055664,
        9.152105331420898
      ],
      "rotation_euler": [
        1.0573586225509644,
        -1.0268522743217545e-07,
        1.922919750213623
      ],
      "rotation_quaternion": [
        1.0,
        0.0,
        0.0,
        0.0
      ],
      "resolution": {
        "x": 224,
        "y": 224,
        "percentage": 100
      },
      "clip_start": 0.10000000149011612,
      "clip_end": 100.0,
      "fps": 24,
      "timestamp": 0.875
    },
    {
      "frame_id": 22,
      "file_path": "train/r_22",
      "transform_matrix": [
        [
          0.9510564804077148,
          -0.13739421963691711,
          0.276792973279953,
          15.234696388244629
        ],
        [
          0.30901700258255005,
          0.4228558838367462,
          -0.8518811464309692,
          5.597787857055664
        ],
        [
          7.4505797087454084e-09,
          0.8957207798957825,
          0.44461703300476074,
          9.152105331420898
        ],
        [
          0.0,
          0.0,
          0.0,
          1.0
        ]
      ],
      "inv_transform_matrix": [
        [
          0.9510565996170044,
          0.30901703238487244,
          7.450580596923828e-09,
          -16.218868255615234
        ],
        [
          -0.13739421963691711,
          0.4228559136390686,
          0.8957208395004272,
          -8.47162914276123
        ],
        [
          0.2767929434776306,
          -0.8518810272216797,
          0.44461697340011597,
          -3.517388343811035
        ],
        [
          -0.0,
          0.0,
          -0.0,
          1.0
        ]
      ],
      "position": [
        3.658681869506836,
        16.13690757751465,
        3.8281702995300293
      ],
      "rotation_euler": [
        1.3434380292892456,
        8.779296933880687e-08,
        2.9186344146728516
      ],
      "rotation_quaternion": [
        1.0,
        0.0,
        0.0,
        0.0
      ],
      "resolution": {
        "x": 224,
        "y": 224,
        "percentage": 100
      },
      "clip_start": 0.10000000149011612,
      "clip_end": 100.0,
      "fps": 24,
      "timestamp": 0.9166666666666666
    },
    {
      "frame_id": 23,
