{
  "metadata": {
    "blender_version": "3.3.0",
    "engine": "BLENDER_EEVEE"
  },
  "camera_angle_x": 0.6911112070083618,
  "object_position": [
    12.772500038146973,
    13.17564868927002,
    5.653980731964111
  ],
  "frames": [
    {
      "transform_matrix": [
        [
          0.8090171813964844,
          -0.5211020708084106,
          0.27192628383636475,
          14.928020477294922
        ],
        [
          0.5877851247787476,
          0.717235803604126,
          -0.3742745816707611,
          10.20882797241211
        ],
        [
          0.0,
          0.4626287817955017,
          0.8865520358085632,
          12.681550979614258
        ],
        [
          0.0,
          0.0,
          0.0,
          1.0
        ]
      ],
      "camera_location": [
        14.928020477294922,
        10.20882797241211,
        12.681550979614258
      ],
      "inv_transform_matrix": [
        [
          0.8090170621871948,
          0.587785005569458,
          0.0,
          -18.077619552612305
        ],
        [
          -0.5211020708084106,
          0.717235803604126,
          0.4626287817955017,
          -5.4099650382995605
        ],
        [
          0.27192631363868713,
          -0.3742746412754059,
          0.8865521550178528,
          -11.48127269744873
        ],
        [
          -0.0,
          0.0,
          -0.0,
          1.0
        ]
      ],
      "frame_id": 0,
      "file_path": "train/r_0"
    },
    {
      "transform_matrix": [
        [
          0.9510564804077148,
          0.06292461603879929,
          -0.302542507648468,
          10.036654472351074
        ],
        [
          -0.3090169429779053,
          0.19366209208965302,
          -0.9311302304267883,
          4.755580902099609
        ],
        [
          0.0,
          0.9790481925010681,
          0.20362837612628937,
          7.495360851287842
        ],
        [
          0.0,
          0.0,
          0.0,
          1.0
        ]
      ],
      "camera_location": [
        10.036654472351074,
        4.755580902099609,
        7.495360851287842
      ],
      "inv_transform_matrix": [
        [
          0.9510565996170044,
          -0.30901697278022766,
          3.725290742551124e-09,
          -8.075870513916016
        ],
        [
          0.06292462348937988,
          0.1936621218919754,
          0.9790483117103577,
          -8.890849113464355
        ],
        [
          -0.302542507648468,
          -0.9311302304267883,
          0.20362839102745056,
          5.938311576843262
        ],
        [
          -0.0,
          0.0,
          -0.0,
          1.0
        ]
      ],
      "frame_id": 1,
      "file_path": "train/r_1"
    },
    {
      "transform_matrix": [
        [
          0.5877852439880371,
          0.3252207338809967,
          -0.7407698631286621,
          6.326385498046875
        ],
        [
          -0.8090170621871948,
          0.2362866848707199,
          -0.5382007956504822,
          8.49227237701416
        ],
        [
          0.0,
          0.9156419038772583,
          0.401994913816452,
          9.152105331420898
        ],
        [
          0.0,
          0.0,
          0.0,
          1.0
        ]
      ],
      "camera_location": [
        6.326385498046875,
        8.49227237701416,
        9.152105331420898
      ],
      "inv_transform_matrix": [
        [
          0.5877852439880371,
          -0.80901700258255,
          0.0,
          3.15183687210083
        ],
        [
          0.3252207338809967,
          0.2362866848707199,
          0.9156419038772583,
          -12.444133758544922
        ],
        [
          -0.7407699227333069,
          -0.5382007956504822,
          0.4019949436187744,
          5.57784366607666
        ],
        [
          -0.0,
          0.0,
          -0.0,
          1.0
        ]
      ],
      "frame_id": 2,
      "file_path": "train/r_2"
    },
    {
      "transform_matrix": [
        [
          0.0,
          -0.00465026218444109,
          0.9999891519546509,
          22.171199798583984
        ],
        [
          1.0,
          0.0,
          0.0,
          13.17564868927002
        ],
        [
          0.0,
          0.9999891519546509,
          0.00465026218444109,
          5.69768762588501
        ],
        [
          0.0,
          0.0,
          0.0,
          1.0
        ]
      ],
      "camera_location": [
        22.171199798583984,
        13.17564868927002,
        5.69768762588501
      ],
      "inv_transform_matrix": [
        [
          0.0,
          1.0,
          0.0,
          -13.17564868927002
        ],
        [
          -0.004650262650102377,
          0.0,
          0.9999892115592957,
          -5.594524383544922
        ],
        [
          0.9999892115592957,
          -0.0,
          0.004650262650102377,
          -22.19745635986328
        ],
        [
          -0.0,
          0.0,
          -0.0,
          1.0
        ]
      ],
      "frame_id": 3,
      "file_path": "train/r_3"
    },
    {
      "transform_matrix": [
        [
          -0.8090169429779053,
          0.34673547744750977,
          -0.47462210059165955,
          8.789615631103516
        ],
        [
          -0.5877853631973267,
          -0.47724032402038574,
          0.653261125087738,
          18.657617568969727
        ],
        [
          0.0,
          0.807475209236145,
          0.5899015069007874,
          10.604254722595215
        ],
        [
          0.0,
          0.0,
          0.0,
          1.0
        ]
      ],
      "camera_location": [
        8.789615631103516,
        18.657617568969727,
        10.604254722595215
      ],
      "inv_transform_matrix": [
        [
          -0.8090169429779053,
          -0.5877853631973267,
          0.0,
          18.07762336730957
        ],
        [
          0.34673547744750977,
          -0.47724032402038574,
          0.807475209236145,
          -2.706177234649658
        ],
        [
          -0.47462210059165955,
          0.653261125087738,
          0.5899015665054321,
          -14.272016525268555
        ],
        [
          -0.0,
          0.0,
          -0.0,
          1.0
        ]
      ],
      "frame_id": 4,
      "file_path": "train/r_4"
    },
    {
      "transform_matrix": [
        [
          0.9510565400123596,
          0.2739596664905548,
          -0.14296014606952667,
          11.639275550842285
        ],
        [
          -0.30901700258255005,
          0.8431611061096191,
          -0.43998607993125916,
          9.687942504882812
        ],
        [
          0.0,
          0.4626287519931793,
          0.8865520358085632,
          12.681550979614258
        ],
        [
          0.0,
          0.0,
          0.0,
          1.0
        ]
      ],
      "camera_location": [
        11.639275550842285,
        9.687942504882812,
        12.681550979614258
      ],
      "inv_transform_matrix": [
        [
          0.9510565400123596,
          -0.30901700258255005,
          -7.450581485102248e-09,
          -8.075870513916016
        ],
        [
          0.2739596962928772,
          0.8431612253189087,
          0.4626288115978241,
          -17.224040985107422
        ],
        [
          -0.14296016097068787,
          -0.4399861693382263,
          0.8865522146224976,
          -5.316343307495117
        ],
        [
          -0.0,
          0.0,
          -0.0,
          1.0
        ]
      ],
      "frame_id": 5,
      "file_path": "train/r_5"
    },
    {
      "transform_matrix": [
        [
          -0.5877852439880371,
          0.7172356843948364,
          -0.3742745816707611,
          9.805679321289062
        ],
        [
          -0.80901700258255,
          -0.5211021900177002,
          0.2719264030456543,
          15.331170082092285
        ],
        [
          0.0,
          0.4626288115978241,
          0.8865520358085632,
          12.681550979614258
        ],
        [
          0.0,
          0.0,
          0.0,
          1.0
        ]
      ],
      "camera_location": [
        9.805679321289062,
        15.331170082092285,
        12.681550979614258
      ],
      "inv_transform_matrix": [
        [
          -0.5877852439880371,
          -0.80901700258255,
          1.4901162970204496e-08,
          18.166810989379883
        ],
        [
          0.7172357439994812,
          -0.521102249622345,
          0.4626288414001465,
          -4.910728454589844
        ],
        [
          -0.3742746114730835,
          0.2719264328479767,
          0.886552095413208,
          -11.741789817810059
        ],
        [
          -0.0,
          0.0,
          -0.0,
          1.0
        ]
      ],
      "frame_id": 6,
      "file_path": "train/r_6"
    },
    {
      "transform_matrix": [
        [
          -0.8090168833732605,
          -0.5706534385681152,
          0.14087708294391632,
          13.87137508392334
        ],
        [
          0.5877854228019714,
          -0.785436749458313,
          0.19390060007572174,
          14.688119888305664
        ],
        [
          0.0,
          0.23967435956001282,
          0.970853328704834,
          13.226869583129883
        ],
        [
          0.0,
          0.0,
          0.0,
          1.0
        ]
      ],
      "camera_location": [
        13.87137508392334,
        14.688119888305664,
        13.226869583129883
      ],
      "inv_transform_matrix": [
        [
          -0.8090168833732605,
          0.5877853631973267,
          -7.450580596923828e-09,
          2.588715076446533
        ],
        [
          -0.5706534385681152,
          -0.785436749458313,
          0.23967435956001282,
          16.282194137573242
        ],
        [
          0.14087709784507751,
          0.19390060007572174,
          0.970853328704834,
          -17.643545150756836
        ],
        [
          -0.0,
          0.0,
          -0.0,
          1.0
        ]
      ],
      "frame_id": 7,
      "file_path": "train/r_7"
    },
    {
      "transform_matrix": [
        [
          -0.5877853631973267,
          0.32522067427635193,
          -0.7407698035240173,
          6.326385021209717
        ],
        [
          -0.80901700258255,
          -0.2362866848707199,
          0.538200855255127,
          17.859025955200195
        ],
        [
          0.0,
          0.9156419634819031,
          0.40199485421180725,
          9.152105331420898
        ],
        [
          0.0,
          0.0,
          0.0,
          1.0
        ]
      ],
      "camera_location": [
        6.326385021209717,
        17.859025955200195,
        9.152105331420898
      ],
      "inv_transform_matrix": [
        [
          -0.5877853035926819,
          -0.8090169429779053,
          0.0,
          18.166810989379883
        ],
        [
          0.32522067427635193,
          -0.2362866848707199,
          0.9156419634819031,
          -6.217673301696777
        ],
        [
          -0.7407699227333069,
          0.5382009148597717,
          0.401994913816452,
          -8.604449272155762
        ],
        [
          -0.0,
          0.0,
          -0.0,
          1.0
        ]
      ],
      "frame_id": 8,
      "file_path": "train/r_8"
    },
    {
      "transform_matrix": [
        [
          0.8090170621871948,
          -0.002733355388045311,
          0.5877788662910461,
          18.296916961669922
        ],
        [
          0.5877852439880371,
          0.0037621413357555866,
          -0.8090083003044128,
          5.571939945220947
        ],
        [
          0.0,
          0.9999892711639404,
          0.00465026218444109,
          5.69768762588501
        ],
        [
          0.0,
          0.0,
          0.0,
          1.0
        ]
      ],
      "camera_location": [
        18.296916961669922,
        5.571939945220947,
        5.69768762588501
      ],
      "inv_transform_matrix": [
        [
          0.80901700258255,
          0.5877851843833923,
          0.0,
          -18.077621459960938
        ],
        [
          -0.0027333551552146673,
          0.0037621408700942993,
          0.9999891519546509,
          -5.668576240539551
        ],
        [
          0.5877788662910461,
          -0.8090082406997681,
          0.004650261718779802,
          -6.273291110992432
        ],
        [
          -0.0,
          0.0,
          -0.0,
          1.0
        ]
      ],
      "frame_id": 9,
      "file_path": "train/r_9"
    },
    {
      "transform_matrix": [
        [
          -0.3090168833732605,
          -0.7186537981033325,
          0.6229329109191895,
          17.835865020751953
        ],
        [
          0.9510565400123596,
          -0.23350468277931213,
          0.20240309834480286,
          14.82083511352539
        ],
        [
          0.0,
          0.6549903750419617,
          0.7556372880935669,
          11.796002388000488
        ],
        [
          0.0,
          0.0,
          0.0,
          1.0
        ]
      ],
      "camera_location": [
        17.835865020751953,
        14.82083511352539,
        11.796002388000488
      ],
      "inv_transform_matrix": [
        [
          -0.3090169131755829,
          0.9510565400123596,
          -1.4901159417490817e-08,
          -8.583868980407715
        ],
        [
          -0.7186537384986877,
          -0.23350465297698975,
          0.6549903154373169,
          8.552276611328125
        ],
        [
          0.6229327917098999,
          0.20240305364131927,
          0.7556371688842773,
          -23.02382469177246
        ],
        [
          -0.0,
          0.0,
          -0.0,
          1.0
        ]
      ],
      "frame_id": 10,
      "file_path": "train/r_10"
    },
    {
      "transform_matrix": [
        [
          -0.8090168833732605,
          0.5706534385681152,
          -0.14087708294391632,
          11.673624992370605
        ],
        [
          -0.5877854228019714,
          -0.785436749458313,
          0.19390060007572174,
          14.688119888305664
        ],
        [
          0.0,
          0.23967435956001282,
          0.970853328704834,
          13.226869583129883
        ],
        [
          0.0,
          0.0,
          0.0,
          1.0
        ]
      ],
      "camera_location": [
        11.673624992370605,
        14.688119888305664,
        13.226869583129883
      ],
      "inv_transform_matrix": [
        [
          -0.8090168833732605,
          -0.5877853631973267,
          7.450580596923828e-09,
          18.077621459960938
        ],
        [
          0.5706534385681152,
          -0.785436749458313,
          0.23967435956001282,
          1.7048521041870117
        ],
        [
          -0.14087709784507751,
          0.19390060007572174,
          0.970853328704834,
          -14.044838905334473
        ],
        [
          -0.0,
          0.0,
          -0.0,
          1.0
        ]
      ],
      "frame_id": 11,
      "file_path": "train/r_11"
    },
    {
      "transform_matrix": [
        [
          -0.9510565400123596,
          0.12422327697277069,
          -0.28294897079467773,
          10.310302734375
        ],
        [
          -0.30901703238487244,
          -0.3823198974132538,
          0.8708272576332092,
          20.753511428833008
        ],
        [
          0.0,
          0.9156420230865479,
          0.401994913816452,
          9.152105331420898
        ],
        [
          0.0,
          0.0,
          0.0,
          1.0
        ]
      ],
      "camera_location": [
        10.310302734375,
        20.753511428833008,
        9.152105331420898
      ],
      "inv_transform_matrix": [
        [
          -0.9510564208030701,
          -0.30901703238487244,
          -7.450578820566989e-09,
          16.218868255615234
        ],
        [
          0.1242232471704483,
          -0.3823198080062866,
          0.9156417846679688,
          -1.7263516187667847
        ],
        [
          -0.28294891119003296,
          0.8708271384239197,
          0.40199488401412964,
          -18.83453369140625
        ],
        [
          -0.0,
          0.0,
          -0.0,
          1.0
        ]
      ],
      "frame_id": 12,
      "file_path": "train/r_12"
    },
    {
      "transform_matrix": [
        [
          -0.8090169429779053,
          0.11001133918762207,
          0.5773984789848328,
          18.405147552490234
        ],
        [
          0.5877853035926819,
          0.1514175981283188,
          0.7947207093238831,
          20.928321838378906
        ],
        [
          0.0,
          0.9823288917541504,
          -0.18716245889663696,
          3.8281702995300293
        ],
        [
          0.0,
          0.0,
          0.0,
          1.0
        ]
      ],
      "camera_location": [
        18.405147552490234,
        20.928321838378906,
        3.8281702995300293
      ],
      "inv_transform_matrix": [
        [
          -0.8090169429779053,
          0.5877853631973267,
          -7.450582373280668e-09,
          2.5887160301208496
        ],
        [
          0.11001136153936386,
          0.15141762793064117,
          0.9823290705680847,
          -8.954216003417969
        ],
        [
          0.5773985981941223,
          0.7947208285331726,
          -0.18716247379779816,
          -26.542789459228516
        ],
        [
          -0.0,
          -0.0,
          0.0,
          1.0
        ]
      ],
      "frame_id": 13,
      "file_path": "train/r_13"
    },
    {
      "transform_matrix": [
        [
          0.8090170621871948,
          0.23628666996955872,
          -0.5382007360458374,
          8.08912467956543
        ],
        [
          -0.5877851843833923,
          0.3252207636833191,
          -0.7407698631286621,
          6.729534149169922
        ],
        [
          0.0,
          0.9156418442726135,
          0.4019949436187744,
          9.152105331420898
        ],
        [
          0.0,
          0.0,
          0.0,
          1.0
        ]
      ],
      "camera_location": [
        8.08912467956543,
        6.729534149169922,
        9.152105331420898
      ],
      "inv_transform_matrix": [
        [
          0.8090170621871948,
          -0.5877851843833923,
          1.4901162970204496e-08,
          -2.588719367980957
        ],
        [
          0.2362866997718811,
          0.3252207934856415,
          0.9156419634819031,
          -12.479990005493164
        ],
        [
          -0.5382007956504822,
          -0.7407699227333069,
          0.4019950032234192,
          5.659509181976318
        ],
        [
          -0.0,
          0.0,
          -0.0,
          1.0
        ]
      ],
      "frame_id": 14,
      "file_path": "train/r_14"
    },
    {
      "transform_matrix": [
        [
          0.0,
          0.401994913816452,
          -0.9156419038772583,
          4.804664134979248
        ],
        [
          -1.0,
          0.0,
          0.0,
          13.17564868927002
        ],
        [
          0.0,
          0.9156419038772583,
          0.401994913816452,
          9.152105331420898
        ],
        [
          0.0,
          0.0,
          0.0,
          1.0
        ]
      ],
      "camera_location": [
        4.804664134979248,
        13.17564868927002,
        9.152105331420898
      ],
      "inv_transform_matrix": [
        [
          0.0,
          -1.0,
          0.0,
          13.17564868927002
        ],
        [
          0.401994913816452,
          0.0,
          0.9156419038772583,
          -10.311502456665039
        ],
        [
          -0.9156419038772583,
          -0.0,
          0.401994913816452,
          0.7202517986297607
        ],
        [
          -0.0,
          0.0,
          -0.0,
          1.0
        ]
      ],
      "frame_id": 15,
      "file_path": "train/r_15"
    },
    {
      "transform_matrix": [
        [
          -1.0,
          0.0,
          0.0,
          12.772500038146973
        ],
        [
          0.0,
          -0.8865521550178528,
          0.462628573179245,
          16.842838287353516
        ],
        [
          0.0,
          0.462628573179245,
          0.8865521550178528,
          12.681550979614258
        ],
        [
          0.0,
          0.0,
          0.0,
          1.0
        ]
      ],
      "camera_location": [
        12.772500038146973,
        16.842838287353516,
        12.681550979614258
      ],
      "inv_transform_matrix": [
        [
          -1.0,
          -0.0,
          0.0,
          12.772500038146973
        ],
        [
          -0.0,
          -0.8865522146224976,
          0.4626286029815674,
          9.065207481384277
        ],
        [
          0.0,
          0.4626286029815674,
          0.8865522146224976,
          -19.034835815429688
        ],
        [
          -0.0,
          0.0,
          -0.0,
          1.0
        ]
      ],
      "frame_id": 16,
      "file_path": "train/r_16"
    },
    {
      "transform_matrix": [
        [
          -0.80901700258255,
          -0.0027333558537065983,
          0.5877788662910461,
          18.296916961669922
        ],
        [
          0.5877852439880371,
          -0.0037621415685862303,
          0.8090082406997681,
          20.779356002807617
        ],
        [
          0.0,
          0.9999891519546509,
          0.004650262650102377,
          5.69768762588501
        ],
        [
          0.0,
          0.0,
          0.0,
          1.0
        ]
      ],
      "camera_location": [
        18.296916961669922,
        20.779356002807617,
        5.69768762588501
      ],
      "inv_transform_matrix": [
        [
          -0.80901700258255,
          0.5877851843833923,
          0.0,
          2.5887186527252197
        ],
        [
          -0.0027333558537065983,
          -0.0037621415685862303,
          0.9999891519546509,
          -5.569438934326172
        ],
        [
          0.5877788662910461,
          0.8090082406997681,
          0.004650262650102377,
          -27.591705322265625
        ],
        [
          -0.0,
          0.0,
          -0.0,
          1.0
        ]
      ],
      "frame_id": 17,
      "file_path": "train/r_17"
    },
    {
      "transform_matrix": [
        [
          0.5877854228019714,
          -0.785436749458313,
          0.19390060007572174,
          14.284971237182617
        ],
        [
          0.8090168833732605,
          0.5706534385681152,
          -0.14087708294391632,
          12.076773643493652
        ],
        [
          0.0,
          0.23967435956001282,
          0.970853328704834,
          13.226869583129883
        ],
        [
          0.0,
          0.0,
          0.0,
          1.0
        ]
      ],
      "camera_location": [
        14.284971237182617,
        12.076773643493652,
        13.226869583129883
      ],
      "inv_transform_matrix": [
        [
          0.5877853631973267,
          0.8090168833732605,
          -7.450580596923828e-09,
          -18.166812896728516
        ],
        [
          -0.785436749458313,
          0.5706534385681152,
          0.23967435956001282,
          1.1581478118896484
        ],
        [
          0.19390060007572174,
          -0.14087709784507751,
          0.970853328704834,
          -13.909873962402344
        ],
        [
          -0.0,
          0.0,
          -0.0,
          1.0
        ]
      ],
      "frame_id": 18,
      "file_path": "train/r_18"
    },
    {
      "transform_matrix": [
        [
          -1.014687214251353e-07,
          0.004650261253118515,
          -0.9999891519546509,
          3.3737974166870117
        ],
        [
          -1.0,
          -4.718560542293915e-10,
          1.0146762008389487e-07,
          13.175649642944336
        ],
        [
          0.0,
          0.9999891519546509,
          0.004650261253118515,
          5.69768762588501
        ],
        [
          0.0,
          0.0,
          0.0,
          1.0
        ]
      ],
      "camera_location": [
        3.3737974166870117,
        13.175649642944336,
        5.69768762588501
      ],
      "inv_transform_matrix": [
        [
          -1.014687214251353e-07,
          -1.0,
          0.0,
          13.175649642944336
        ],
        [
          0.004650261718779802,
          -4.718561097405427e-10,
          0.9999892115592957,
          -5.713315010070801
        ],
        [
          -0.9999892115592957,
          1.0146762718932223e-07,
          0.004650261718779802,
          3.347263813018799
        ],
        [
          -0.0,
          0.0,
          -0.0,
          1.0
        ]
      ],
      "frame_id": 19,
      "file_path": "train/r_19"
    },
    {
      "transform_matrix": [
        [
          0.0,
          -0.7556372880935669,
          0.6549903154373169,
          18.096435546875
        ],
        [
          0.9999999403953552,
          0.0,
          0.0,
          13.17564868927002
        ],
        [
          0.0,
          0.6549902558326721,
          0.7556373476982117,
          11.796002388000488
        ],
        [
          0.0,
          0.0,
          0.0,
          1.0
        ]
      ],
      "camera_location": [
        18.096435546875,
        13.17564868927002,
        11.796002388000488
      ],
      "inv_transform_matrix": [
        [
          0.0,
          1.0000001192092896,
          0.0,
          -13.175649642944336
        ],
        [
          -0.7556373476982117,
          0.0,
          0.6549903154373169,
          5.948074817657471
        ],
        [
          0.6549902558326721,
          -0.0,
          0.7556372880935669,
          -20.76648712158203
        ],
        [
          -0.0,
          0.0,
          -0.0,
          1.0
        ]
      ],
      "frame_id": 20,
      "file_path": "train/r_20"
    },
    {
      "transform_matrix": [
        [
          0.9510565400123596,
          -0.12422328442335129,
          0.28294891119003296,
          15.234696388244629
        ],
        [
          0.30901700258255005,
          0.38231995701789856,
          -0.8708271980285645,
          5.597787857055664
        ],
        [
          0.0,
          0.9156419038772583,
          0.4019949734210968,
          9.152105331420898
        ],
        [
          0.0,
          0.0,
          0.0,
          1.0
        ]
      ],
      "camera_location": [
        15.234696388244629,
        5.597787857055664,
        9.152105331420898
      ],
      "inv_transform_matrix": [
        [
          0.9510565400123596,
          0.30901700258255005,
          0.0,
          -16.218868255615234
        ],
        [
          -0.12422328442335129,
          0.38231995701789856,
          0.9156419038772583,
          -8.627693176269531
        ],
        [
          0.28294891119003296,
          -0.8708271980285645,
          0.4019950032234192,
          -3.1150355339050293
        ],
        [
          -0.0,
          0.0,
          -0.0,
          1.0
        ]
      ],
      "frame_id": 21,
      "file_path": "train/r_21"
    },
    {
      "transform_matrix": [
        [
          -0.30901697278022766,
          -0.1780020147562027,
          -0.9342503547668457,
          3.658681869506836
        ],
        [
          -0.9510564804077148,
          0.05783635750412941,
          0.30355632305145264,
          16.13690757751465
        ],
        [
          0.0,
          0.9823288917541504,
          -0.1871623992919922,
          3.8281702995300293
        ],
        [
          0.0,
          0.0,
          0.0,
          1.0
        ]
      ],
      "camera_location": [
        3.658681869506836,
        16.13690757751465,
        3.8281702995300293
      ],
      "inv_transform_matrix": [
        [
          -0.30901700258255005,
          -0.9510565996170044,
          0.0,
          16.477706909179688
        ],
        [
          -0.17800204455852509,
          0.057836368680000305,
          0.9823290705680847,
          -4.0425705909729
        ],
        [
          -0.9342504143714905,
          0.303556352853775,
          -0.18716242909431458,
          -0.7638455629348755
        ],
        [
          0.0,
          0.0,
          -0.0,
          1.0
        ]
      ],
      "frame_id": 22,
      "file_path": "train/r_22"
    },
    {
      "transform_matrix": [
        [
          0.8090170621871948,
          0.4441523253917694,
          -0.38499364256858826,
          9.643168449401855
        ],
        [
          -0.5877851843833923,
          0.611323356628418,
          -0.5298984050750732,
          8.868492126464844
        ],
        [
          0.0,
          0.6549904346466064,
          0.7556371688842773,
          11.796002388000488
        ],
        [
          0.0,
          0.0,
          0.0,
          1.0
        ]
      ],
      "camera_location": [
        9.643168449401855,
        8.868492126464844,
        11.796002388000488
      ],
      "inv_transform_matrix": [
        [
          0.8090170621871948,
          -0.5877851843833923,
          -1.4901161193847656e-08,
          -2.588719367980957
        ],
        [
          0.4441523253917694,
          0.611323356628418,
          0.6549904346466064,
          -17.43082046508789
        ],
        [
          -0.38499367237091064,
          -0.529898464679718,
          0.7556371688842773,
          -0.5015391707420349
        ],
        [
          -0.0,
          0.0,
          -0.0,
          1.0
        ]
      ],
      "frame_id": 23,
      "file_path": "train/r_23"
    },
    {
      "transform_matrix": [
        [
          -1.0,
          0.0,
          0.0,
          12.772500038146973
        ],
        [
          0.0,
          -0.00465026218444109,
          0.9999891519546509,
          22.57434844970703
        ],
        [
          0.0,
          0.9999891519546509,
          0.00465026218444109,
          5.69768762588501
        ],
        [
          0.0,
          0.0,
          0.0,
          1.0
        ]
      ],
      "camera_location": [
        12.772500038146973,
        22.57434844970703,
        5.69768762588501
      ],
      "inv_transform_matrix": [
        [
          -1.0,
          -0.0,
          0.0,
          12.772500991821289
        ],
        [
          -0.0,
          -0.004650262650102377,
          0.9999892115592957,
          -5.592649459838867
        ],
        [
          0.0,
          0.9999892115592957,
          0.004650262650102377,
          -22.600601196289062
        ],
        [
          -0.0,
          0.0,
          -0.0,
          1.0
        ]
      ],
      "frame_id": 24,
      "file_path": "train/r_24"
    },
    {
      "transform_matrix": [
        [
          0.0,
          0.9999999403953552,
          0.0,
          12.772500038146973
        ],
        [
          -1.0,
          0.0,
          0.0,
          13.17564868927002
        ],
        [
          0.0,
          0.0,
          0.9999999403953552,
          13.411001205444336
        ],
        [
          0.0,
          0.0,
          0.0,
          1.0
        ]
      ],
      "camera_location": [
        12.772500038146973,
        13.17564868927002,
        13.411001205444336
      ],
      "inv_transform_matrix": [
        [
          0.0,
          -1.0,
          0.0,
          13.17564868927002
        ],
        [
          1.0000001192092896,
          0.0,
          -0.0,
          -12.772500991821289
        ],
        [
          0.0,
          -0.0,
          1.0000001192092896,
          -13.411002159118652
        ],
        [
          -0.0,
          0.0,
          -0.0,
          1.0
        ]
      ],
      "frame_id": 25,
      "file_path": "train/r_25"
    },
    {
      "transform_matrix": [
        [
          1.0,
          0.0,
          0.0,
          12.772500038146973
        ],
        [
          0.0,
          0.970853328704834,
          -0.23967434465885162,
          11.306131362915039
        ],
        [
          0.0,
          0.23967434465885162,
          0.970853328704834,
          13.226869583129883
        ],
        [
          0.0,
          0.0,
          0.0,
          1.0
        ]
      ],
      "camera_location": [
        12.772500038146973,
        11.306131362915039,
        13.226869583129883
      ],
      "inv_transform_matrix": [
        [
          1.0,
          -0.0,
          0.0,
          -12.772499084472656
        ],
        [
          -0.0,
          0.970853328704834,
          0.23967434465885162,
          -14.146736145019531
        ],
        [
          0.0,
          -0.23967434465885162,
          0.970853328704834,
          -10.131561279296875
        ],
        [
          -0.0,
          0.0,
          -0.0,
          1.0
        ]
      ],
      "frame_id": 26,
      "file_path": "train/r_26"
    },
    {
      "transform_matrix": [
        [
          0.0,
          -0.18716241419315338,
          -0.9823290109634399,
          3.189664840698242
        ],
        [
          -1.0,
          0.0,
          0.0,
          13.17564868927002
        ],
        [
          0.0,
          0.9823290109634399,
          -0.18716241419315338,
          3.8281702995300293
        ],
        [
          0.0,
          0.0,
          0.0,
          1.0
        ]
      ],
      "camera_location": [
        3.189664840698242,
        13.17564868927002,
        3.8281702995300293
      ],
      "inv_transform_matrix": [
        [
          0.0,
          -1.0,
          0.0,
          13.175649642944336
        ],
        [
          -0.18716241419315338,
          0.0,
          0.9823290109634399,
          -3.1635375022888184
        ],
        [
          -0.9823290109634399,
          -0.0,
          -0.18716241419315338,
          3.84978985786438
        ],
        [
          0.0,
          0.0,
          -0.0,
          1.0
        ]
      ],
      "frame_id": 27,
      "file_path": "train/r_27"
    },
    {
      "transform_matrix": [
        [
          0.80901700258255,
          0.11001130938529968,
          0.577398419380188,
          18.405147552490234
        ],
        [
          0.5877851843833923,
          -0.1514175981283188,
          -0.7947208285331726,
          5.422974109649658
        ],
        [
          0.0,
          0.9823288917541504,
          -0.18716244399547577,
          3.8281702995300293
        ],
        [
          0.0,
          0.0,
          0.0,
          1.0
        ]
      ],
      "camera_location": [
        18.405147552490234,
        5.422974109649658,
        3.8281702995300293
      ],
      "inv_transform_matrix": [
        [
          0.8090170621871948,
          0.5877852439880371,
          0.0,
          -18.077621459960938
        ],
        [
          0.11001132428646088,
          -0.15141761302947998,
          0.9823290109634399,
          -4.964163303375244
        ],
        [
          0.577398419380188,
          -0.7947208881378174,
          -0.18716244399547577,
          -5.6008620262146
        ],
        [
          -0.0,
          0.0,
          -0.0,
          1.0
        ]
      ],
      "frame_id": 28,
      "file_path": "train/r_28"
    },
    {
      "transform_matrix": [
        [
          -1.0,
          0.0,
          0.0,
          12.772500038146973
        ],
        [
          0.0,
          -0.7556371092796326,
          0.654990553855896,
          18.499588012695312
        ],
        [
          0.0,
          0.654990553855896,
          0.7556371092796326,
          11.796002388000488
        ],
        [
          0.0,
          0.0,
          0.0,
          1.0
        ]
      ],
      "camera_location": [
        12.772500038146973,
        18.499588012695312,
        11.796002388000488
      ],
      "inv_transform_matrix": [
        [
          -1.0,
          -0.0,
          0.0,
          12.772499084472656
        ],
        [
          -0.0,
          -0.755636990070343,
          0.6549904942512512,
          6.25270414352417
        ],
        [
          0.0,
          0.6549904942512512,
          0.755636990070343,
          -21.030550003051758
        ],
        [
          -0.0,
          0.0,
          -0.0,
          1.0
        ]
      ],
      "frame_id": 29,
      "file_path": "train/r_29"
    },
    {
      "transform_matrix": [
        [
          -1.0,
          0.0,
          0.0,
          12.772500038146973
        ],
        [
          0.0,
          -0.970853328704834,
          0.23967434465885162,
          15.045166015625
        ],
        [
          0.0,
          0.23967434465885162,
          0.970853328704834,
          13.226869583129883
        ],
        [
          0.0,
          0.0,
          0.0,
          1.0
        ]
      ],
      "camera_location": [
        12.772500038146973,
        15.045166015625,
        13.226869583129883
      ],
      "inv_transform_matrix": [
        [
          -1.0,
          -0.0,
          0.0,
          12.772499084472656
        ],
        [
          -0.0,
          -0.970853328704834,
          0.23967434465885162,
          11.436508178710938
        ],
        [
          0.0,
          0.23967434465885162,
          0.970853328704834,
          -16.447290420532227
        ],
        [
          -0.0,
          0.0,
          -0.0,
          1.0
        ]
      ],
      "frame_id": 30,
      "file_path": "train/r_30"
    },
    {
      "transform_matrix": [
        [
          -0.8090168833732605,
          0.44415247440338135,
          -0.3849938213825226,
          9.643166542053223
        ],
        [
          -0.5877854228019714,
          -0.6113231778144836,
          0.5298983454704285,
          17.482805252075195
        ],
        [
          0.0,
          0.6549904942512512,
          0.7556371092796326,
          11.796002388000488
        ],
        [
          0.0,
